89.00 -4707,325984,-907
4707.00 -5413,328338,2024
1882.00 -4942,328338,-1466
1882.00 -4942,328338,-1466
4001.00 -4001,327161,-209
4001.00 -4001,327161,349
5648.00 -4001,327867,-1326
4236.00 -3530,326455,1466
4236.00 -3530,326455,1466
6590.00 -4942,326220,-1186
4471.00 -3059,326220,837
4471.00 -3059,326220,-3351
2824.00 -1176,327632,-837
3530.00 -3295,329044,-837
3295.00 -4942,328809,-5515
3295.00 -4942,328809,3281
3059.00 -5178,328338,-907
3059.00 -5178,328338,2234
3059.00 -4707,326926,-1256
4236.00 -6354,323395,-1256
4236.00 -6354,323395,1047
3059.00 -3295,326690,-3769
4001.00 -1647,324572,2932
4001.00 -1647,324572,-837
2589.00 -3059,327396,-837
3059.00 -4942,322689,488
3059.00 -4942,322689,69
5413.00 -3295,327161,-279
5413.00 -2824,326455,-279
3295.00 -3059,325278,767
4001.00 -4236,330456,767
3295.00 -4471,326690,-558
3295.00 -4471,326690,2373
6119.00 -1882,324807,2583
4942.00 -1412,327396,2583
4942.00 -1412,327396,1047
4236.00 -3765,326220,-2583
4236.00 -1176,327867,-767
4236.00 -1176,327867,-698
6354.00 -3765,325513,-698
6354.00 -3765,325513,2583
1176.00 -4707,324337,-3700
3295.00 -3765,324101,2373
2589.00 -2824,322689,-1047
6119.00 -7061,329279,-488
6119.00 -7061,329279,-1047
6825.00 -4001,326455,-1047
6825.00 -4001,326455,1326
3059.00 -3295,326926,-69
3530.00 -4001,326455,1186
3530.00 -4001,326455,-1326
4001.00 -5178,325278,-1326
4707.00 -5178,325278,1815
3530.00 -6119,323160,1815
3530.00 -6119,323160,-2303
1412.00 -1882,327632,1256
5648.00 -1882,325043,-488
5648.00 -1882,325043,-488
6119.00 -3765,325984,-837
6119.00 -3765,325984,-1117
4942.00 -4471,324337,698
2824.00 -2353,327396,1047
2824.00 -2353,327396,1047
4471.00 -4471,325749,-2164
4001.00 -3059,327396,2303
5413.00 -3295,327161,-1954
5413.00 -3295,327161,-279
4471.00 -3530,330221,-279
1647.00 -3059,328103,698
1647.00 -3059,328103,698
2353.00 -1882,325278,2234
2353.00 -1882,325278,-2722
4001.00 -4707,326220,1605
5178.00 -5178,325043,1605
5178.00 -5178,325043,-3001
4236.00 -4707,325278,1047
5648.00 -5648,325749,-4468
5648.00 -5648,325749,5864
4001.00 -4471,322218,5864
4001.00 -4001,326455,-2234
3295.00 -2589,325984,2024
3295.00 -2589,325984,-1186
4471.00 -4236,327161,0
4471.00 -4236,327161,0
4471.00 -3530,324572,-907
6119.00 -4001,325278,1256
6119.00 -4001,325278,-279
4471.00 -1412,325513,209
1647.00 -3530,326455,907
4001.00 -3059,325749,907
4001.00 -3059,325749,1326
3059.00 -4471,328573,-1326
3530.00 -2589,324337,488
3530.00 -2589,324337,767
5178.00 -4236,325043,767
3059.00 -4001,325513,-2443
3059.00 -4001,325513,1605
3295.00 -4942,327396,-279
3295.00 -4942,327396,-279
3530.00 -2589,327161,488
1882.00 -4236,325749,488
4236.00 -3530,324572,-139
4236.00 -3530,324572,-628
5178.00 -1412,324807,767
3059.00 -3295,324337,767
3059.00 -3295,324337,767
3530.00 -4471,323395,-3490
4001.00 -1412,325043,-3141
4001.00 -1412,325043,3769
4942.00 -4942,328103,-3490
4942.00 -4942,328103,-3490
3295.00 -4942,325278,-1117
4471.00 -2824,324572,1745
4471.00 -2824,324572,-2024
3295.00 -3295,325513,-2024
4707.00 -5178,325043,139
4001.00 -4236,326926,139
4001.00 -4236,326926,-279
2353.00 -2353,326926,418
2118.00 -4942,328809,0
2118.00 -4942,328809,2583
4001.00 -4942,325513,2583
4001.00 -4942,325513,-4817
3765.00 -8473,324337,0
4236.00 -6825,326220,-1326
4236.00 -6825,326220,-1326
1647.00 -4942,325749,1535
2824.00 -3765,327161,-1466
2824.00 -3765,327161,-907
4471.00 -3059,327161,2583
4707.00 -4707,325749,2583
3530.00 -3765,327161,1535
3530.00 -3765,327161,1535
706.00 -5413,325984,1954
706.00 -5413,325984,0
1882.00 -2824,322454,-1047
2353.00 -2824,326926,-1047
2353.00 -2824,326926,69
2353.00 -4707,327632,-837
4471.00 -5178,323866,139
4471.00 -5178,323866,-209
6119.00 -6354,327161,-209
4236.00 -2589,326690,-69
5648.00 -1882,324572,-209
5648.00 -1882,324572,-1047
3765.00 -2824,326220,-1117
3765.00 -2824,326220,2652
4236.00 -4471,325278,2443
4236.00 -4001,323866,2443
4236.00 -4001,323866,139
941.00 -5648,322924,-2443
4471.00 -2118,325513,2234
3059.00 -4707,325749,-1396
3059.00 -4707,325749,-1396
2824.00 -2589,328103,349
4236.00 -4001,325749,349
4236.00 -4001,325749,1466
4471.00 -6119,327161,-977
6825.00 -4707,328809,4258
6825.00 -4707,328809,4258
4236.00 -4942,323631,-2513
4001.00 -5413,325749,-837
5178.00 -4707,327396,-698
4707.00 -2353,325984,418
3530.00 -1647,330221,418
3530.00 -1647,330221,209
4236.00 -4236,325984,1047
4471.00 -3295,327161,-1396
4471.00 -3295,327161,2094
3295.00 -2824,325984,2094
2824.00 -7061,328103,-1884
2824.00 -7061,328103,-1884
3295.00 -3530,326220,1815
3295.00 -4001,325513,-837
4942.00 -3530,325278,-1256
4942.00 -3530,325278,-209
3765.00 -3530,326220,-209
3765.00 -3530,326220,-698
2589.00 -6825,323866,-209
3059.00 -7296,324337,-2443
3059.00 -7296,324337,1884
4236.00 -4236,328103,1884
5178.00 -3530,325984,-2652
7296.00 -4236,325043,349
7296.00 -4236,325043,1466
4707.00 -6354,327161,-2792
2589.00 -3295,329279,69
2589.00 -3295,329279,69
3295.00 -4707,328338,1675
3530.00 -3530,328103,-1117
3530.00 -3530,328103,-977
5178.00 -3530,329279,1117
5178.00 -3530,329279,1117
3765.00 -7061,327632,-2024
1176.00 -3059,325278,767
3295.00 -1882,326455,-558
3295.00 -1882,326455,-558
3765.00 -3530,325043,907
4942.00 -3765,326690,907
4942.00 -3765,326690,1396
5648.00 -4942,327396,-2164
5413.00 -5413,327396,3071
5413.00 -5413,327396,1466
4942.00 -3765,326220,1466
4942.00 -3765,326220,-2932
1882.00 -5884,324807,0
1647.00 -5648,325984,-488
3295.00 -4707,326690,1396
3295.00 -4707,326690,1396
4942.00 -4236,325043,-279
5178.00 -4707,325749,-1605
5178.00 -4707,325749,2303
2118.00 -4001,324337,2303
4001.00 -4236,321512,279
4001.00 -4236,321512,279
2353.00 -5178,324807,2583
2353.00 -5178,324807,-3001
1176.00 -2118,328573,1396
2589.00 -2824,327632,1396
2589.00 -2824,327632,-1675
2589.00 -4707,326926,-139
4942.00 -4471,327161,1256
4942.00 -4471,327161,488
4001.00 -2824,327161,488
3295.00 -4001,326455,-2024
6590.00 -5648,324337,-209
4471.00 -6590,325043,279
5178.00 -3295,325043,279
5178.00 -3295,325043,1815
4471.00 -6119,328103,-1047
2118.00 -5648,325043,558
2118.00 -5648,325043,2164
3059.00 -3059,326220,2164
4707.00 -5178,328573,-1326
4707.00 -5178,328573,-1326
1647.00 -3295,323160,488
4707.00 -6825,325043,558
5413.00 -4001,325513,1326
3059.00 -2824,328103,-558
4236.00 -3530,326926,-558
4236.00 -3530,326926,1326
3059.00 -5178,326690,-2373
3765.00 -5178,325278,2164
3765.00 -5178,325278,-2513
4001.00 -5648,327396,-2513
5884.00 -2824,325984,-2722
5884.00 -2824,325984,2722
5413.00 -5413,325984,-1396
4236.00 -2589,327396,1466
4236.00 -2589,327396,-1117
3765.00 -4942,328338,-1117
5413.00 -4707,323866,767
5413.00 -4942,323866,-1326
1882.00 -4471,321983,1117
941.00 -5648,325278,1117
941.00 -5648,325278,279
5648.00 -3295,326220,-418
3295.00 -5413,329750,-558
3295.00 -5413,329750,139
1882.00 -1647,325513,139
4001.00 -4471,325278,-5096
4001.00 -4471,325278,-5096
4942.00 -6119,327161,2583
4942.00 -6119,327161,1047
2589.00 -4707,325984,-837
3295.00 -4707,326455,-837
4001.00 -4942,324807,-558
4001.00 -4942,324807,907
2824.00 -4236,324807,907
4942.00 -6825,327161,0
4942.00 -6825,327161,0
3765.00 -6119,326220,-2862
4001.00 -3530,326690,558
4001.00 -3530,326690,628
4942.00 -4001,326455,-2234
4942.00 -4001,326455,-2234
2824.00 -3765,324337,-2373
2589.00 -4001,326455,628
2589.00 -4001,326455,488
2589.00 -5413,324807,69
7296.00 -3295,324807,-977
5178.00 -4236,327161,-977
5178.00 -4236,327161,0
3530.00 -3530,325749,2583
3765.00 -3059,326926,1954
3765.00 -3059,326926,1954
5178.00 -5178,330456,-3281
5178.00 -5178,330456,2234
3530.00 -5178,325749,3351
3530.00 -6590,324572,3351
3530.00 -6590,324572,-2513
4707.00 -5884,325984,2164
5178.00 -2589,323395,3909
5178.00 -2589,323395,-3839
2118.00 -3295,328338,1466
2118.00 -3295,328338,1466
3765.00 -3295,326220,-2024
5178.00 -1412,324572,837
3059.00 -2118,326926,349
3059.00 -2118,326926,349
4471.00 -5178,325043,-2234
4236.00 -4471,328103,2094
4236.00 -4471,328103,209
3530.00 -3059,328338,-558
3530.00 -3059,325513,-279
3530.00 -3059,325513,-279
3295.00 -4707,330221,1256
3295.00 -4707,330221,-628
2353.00 -7531,327396,-488
3295.00 -4942,326220,1884
3295.00 -4942,326220,1884
3530.00 -5413,325749,139
3765.00 -5648,325043,209
3765.00 -5648,325043,3839
4001.00 -1882,323866,3839
3059.00 -3530,326455,1884
4471.00 -4236,326926,1884
4471.00 -4236,326926,139
4471.00 -5178,325749,837
1176.00 -4707,327396,-3700
1176.00 -4707,327396,-3700
3295.00 -4236,325984,1535
3295.00 -4236,325984,-1396
4942.00 -2353,326455,-4188
4236.00 -5648,325043,1954
4236.00 -5648,325043,488
5178.00 -5648,325749,488
5648.00 -6354,328338,-2862
4001.00 -3530,328573,2234
4001.00 -3530,328573,-628
3295.00 -4236,326220,139
4001.00 -4707,326455,-1396
4001.00 -4707,326455,-1396
3530.00 -5413,323395,69
3530.00 -5413,323395,-837
4942.00 -6825,326220,2443
3765.00 -4942,325749,907
5648.00 -4236,325513,907
5648.00 -4236,325513,-2094
4471.00 -3059,325278,-2932
4001.00 -4471,327161,4049
4001.00 -4471,327161,-1815
4471.00 -1882,327632,-907
3295.00 -3059,326690,-907
3295.00 -3059,326690,1047
3765.00 -3530,322689,-1884
4707.00 -3765,327161,1535
4707.00 -3765,327161,-418
3765.00 -3059,326926,-418
5884.00 -4707,326926,-209
3530.00 -4001,326926,1675
3530.00 -4001,326926,-2164
3295.00 -3530,325984,279
3295.00 -3530,325984,-1675
5178.00 -5178,324572,1047
4942.00 -5884,327867,1047
4942.00 -5884,327867,1047
3059.00 -3059,326455,1256
3295.00 -6825,327396,2234
3295.00 -6825,327396,2234
3530.00 -4707,328809,418
4236.00 -4471,328573,-1326
4471.00 -3295,326926,279
2589.00 -4001,326926,-3001
3059.00 -6119,326220,-3001
3059.00 -6119,326220,1047
941.00 -4001,326926,767
4707.00 -2824,326455,-2024
4707.00 -2824,326455,-209
3059.00 -3765,325278,-209
5413.00 -2824,325749,-1256
5413.00 -2824,325749,-1256
4942.00 -4471,326926,-3420
3295.00 -1412,325278,2024
3530.00 -7296,328103,488
3530.00 -7296,328103,488
3530.00 -5413,326220,1326
3295.00 -5413,322689,1186
3295.00 -5413,322689,-3071
3295.00 -4001,323866,1815
3295.00 -4001,323866,1815
4471.00 -3059,321748,1954
5884.00 -7061,327632,-69
5884.00 -7061,327632,1256
5648.00 -5413,328809,-837
5648.00 -5413,328809,-837
5648.00 -2824,326455,2094
5178.00 -3530,324572,-1466
2824.00 -4471,326455,349
2824.00 -4471,326455,349
4707.00 -4236,326220,69
4707.00 -4236,326220,-1117
5178.00 -6119,325043,-1605
3530.00 -3295,328338,1884
4001.00 -5884,325513,767
4001.00 -5884,325513,767
3530.00 -4236,323631,-628
3530.00 -4236,323631,209
470.00 -4942,324101,2303
4001.00 -4942,324807,-3211
4001.00 -4942,324807,-3211
5178.00 -5648,326926,1466
1176.00 -5178,327396,628
1176.00 -5178,327396,-1186
4471.00 -5413,325749,-1186
3059.00 -4942,326220,-1535
3059.00 -4942,326220,-1535
4471.00 -1176,325513,3839
2353.00 -3765,325749,-1117
4707.00 -3059,323395,-1466
4707.00 -3059,323395,2583
4001.00 -5413,325749,2583
4001.00 -5413,325749,-837
4236.00 -2589,328103,0
3765.00 -2118,327396,488
3765.00 -2118,327396,-279
4471.00 -1882,325749,-279
3530.00 -5413,325043,-3490
4236.00 -5884,324807,3141
4236.00 -5884,324807,-2234
4471.00 -1882,326926,1326
2589.00 -4001,329044,1256
2589.00 -4001,329044,1256
3530.00 -4236,322689,-2932
3530.00 -4236,322689,1815
5413.00 -2824,329044,-1954
4236.00 -3295,327632,418
5178.00 -2589,325278,418
5178.00 -2589,325278,-1605
3295.00 -4236,322689,-1605
4707.00 -6354,326926,-279
4707.00 -6354,326926,-767
5178.00 -7531,325749,488
2824.00 -5884,324101,0
2824.00 -5884,324101,0
2589.00 -4001,327867,1047
2589.00 -4001,327867,-2024
2589.00 -2118,327161,-977
3530.00 -4707,325984,-977
4707.00 -2824,324807,69
4707.00 -2824,324807,-1186
3765.00 -4471,327396,-558
4471.00 -5178,322218,2164
4471.00 -5178,322218,2164
4001.00 -941,327632,-2443
4001.00 -3295,326455,-907
4001.00 -3295,326455,-1605
3295.00 -2824,326220,1745
3295.00 -2824,326220,1745
4471.00 -4001,327161,2443
5413.00 -3530,326926,-1396
3530.00 -3295,327867,558
5648.00 -1647,328809,-279
5648.00 -1647,328809,1954
4236.00 -3059,324807,-139
4236.00 -3059,324807,-139
4471.00 -3295,324807,-2583
2353.00 -5648,325984,-628
2353.00 -5648,325984,1047
4236.00 -4942,324101,-2024
2353.00 -2589,325278,-2513
4236.00 -3765,327161,-2513
4236.00 -3765,327161,1745
4001.00 -5178,327161,-1815
5648.00 -5413,321512,-4258
5648.00 -5413,321512,-1326
3059.00 -6354,325278,-1326
3059.00 -6354,325278,-558
3530.00 -4236,325984,209
4001.00 -6119,328338,837
3530.00 -8943,326690,-279
3530.00 -8943,326690,-279
4942.00 -4942,330692,698
6825.00 -4001,326220,698
6825.00 -4001,326220,-1605
4471.00 -4471,325984,1256
3765.00 -7296,326455,-628
3765.00 -7296,326455,-628
4001.00 -7531,323866,-1186
4001.00 -7531,323866,3211
2353.00 -5178,327396,349
4707.00 -3295,327632,907
4707.00 -3295,327632,907
3765.00 -4001,323631,-628
2353.00 -6119,324337,558
2353.00 -6119,324337,2583
4236.00 -3530,326926,2583
3530.00 -5413,327632,-2722
3530.00 -5884,328103,69
3530.00 -5884,328103,-1117
4001.00 -4707,325749,1256
4001.00 -4707,325749,1256
3059.00 -5178,325043,-907
3295.00 -4942,326220,-279
3295.00 -4942,326220,418
5884.00 -4942,325043,2373
3765.00 -6119,326690,-279
3765.00 -6119,326690,-279
5884.00 -7296,327161,1396
5648.00 -6119,326690,-1396
4236.00 -6354,324337,1535
4236.00 -6354,324337,1466
4471.00 -5413,325749,1466
4471.00 -5413,325749,1047
3765.00 -2824,324807,69
2824.00 -2353,328103,1256
2824.00 -2353,328103,-1745
5884.00 -3530,327867,977
3295.00 -2118,326926,977
3295.00 -2118,326926,-139
4236.00 -4942,325749,-1815
4236.00 -4942,325749,-1815
6825.00 -3059,326690,-2932
3765.00 -3530,327632,-2932
3059.00 -2589,324337,1605
4236.00 -4471,325749,-2443
3059.00 -3295,327867,698
4471.00 -5413,328338,698
4471.00 -5413,328338,209
3530.00 -6119,328338,349
5648.00 -5648,326455,-1535
5648.00 -5648,326455,2234
2353.00 -4236,325749,2234
4942.00 -1882,323395,-1256
4942.00 -1882,323395,-209
6825.00 -2589,327161,-418
6825.00 -2589,327161,1256
4236.00 -5178,329279,3630
4707.00 -4236,325043,-2722
4942.00 -2824,329985,-2722
4942.00 -2824,329985,1256
5413.00 -3059,325984,-1466
4471.00 -4001,328573,2373
4471.00 -4001,328573,2373
2353.00 -5884,328103,-2094
4001.00 -5413,325749,1535
4001.00 -5413,325749,69
3059.00 -3295,323631,69
3059.00 -3295,323631,-1117
5648.00 -4236,325278,3420
4236.00 -3295,327632,-3769
4236.00 -3295,327632,1815
1882.00 -1647,324101,1815
5178.00 -4471,324807,-349
5178.00 -4471,324807,488
3059.00 -3765,325513,2862
3059.00 -3765,325513,2862
2589.00 -1882,327396,2303
2824.00 -6590,329750,2303
4236.00 -4707,327632,-2234
4236.00 -4707,327632,-279
6354.00 -6119,321748,1466
3530.00 -7296,323395,-69
3530.00 -7296,323395,-69
2589.00 -4471,327161,-1884
4471.00 -3765,324101,767
4471.00 -3765,324101,0
5648.00 -1647,325984,0
5648.00 -1647,325984,0
3059.00 -3059,327161,1186
4942.00 -4001,327396,349
4942.00 -4001,327396,767
4236.00 -3765,326690,767
5178.00 -4236,326455,-279
5178.00 -4236,326455,2722
1882.00 -2589,324807,-2024
2824.00 -4236,325513,2094
3059.00 -4236,324807,-2094
3059.00 -4236,324807,2862
4001.00 -5648,325749,-1815
4001.00 -5648,325749,1884
4942.00 -5648,327632,-279
4236.00 -4236,325749,1396
4236.00 -4236,325749,1396
3765.00 -6119,325984,-4677
2353.00 -4001,325984,628
4236.00 -5648,326926,-2932
4236.00 -5648,326926,1117
3059.00 -3295,326455,1117
5884.00 -4942,326455,-3281
5884.00 -4942,326455,1047
3765.00 -5648,325749,2513
4707.00 -5413,327396,1326
4707.00 -5413,327396,3141
6590.00 -4942,326455,3141
6590.00 -4942,326455,-1535
3530.00 -4001,324337,-698
3059.00 -2353,325984,-1186
3059.00 -2353,325984,1326
5178.00 -706,323395,1326
6119.00 -1882,326926,-1884
4236.00 -2353,329044,-1047
4236.00 -2353,329044,2094
2589.00 -2589,325984,1605
3530.00 -5648,326690,3630
3530.00 -5648,326690,3630
3059.00 -4707,325513,-1186
3059.00 -4707,325513,-558
5884.00 -4942,326455,-1884
4001.00 -1882,325749,2094
4236.00 -4942,325043,2094
4236.00 -4942,325043,-1326
2824.00 -3765,325984,-3211
3059.00 -6590,328809,2443
3059.00 -6590,328809,-349
2353.00 -7531,327161,-349
2118.00 -6119,325749,3700
2118.00 -6119,325749,3700
2824.00 -4471,326455,-2652
2824.00 -4471,326455,1815
1176.00 -6119,327161,1256
3059.00 -2353,324807,1256
3295.00 -6354,324101,-3560
3295.00 -6354,324101,2722
4707.00 -5413,327867,767
5648.00 -2589,325043,0
5648.00 -2589,325043,0
4707.00 -4471,327632,1326
2824.00 -4236,328338,1745
2824.00 -4236,328338,-1605
3530.00 -4707,328338,-1605
3530.00 -4707,328338,-558
4707.00 -4236,325984,3420
3765.00 -4236,326690,-2443
3765.00 -4236,326690,-628
3295.00 -4707,326220,-628
6119.00 -2353,326220,-69
6119.00 -2353,326220,-69
5648.00 -5178,328573,-2164
3059.00 -3295,325749,-4468
3765.00 -4236,326220,2024
3765.00 -4236,326220,2024
3765.00 -4471,328103,1884
1882.00 -4942,327161,-139
1882.00 -4942,327161,488
2589.00 -6119,328573,488
2589.00 -6119,328573,-1117
1647.00 -7531,328573,349
1412.00 -6119,325043,628
1412.00 -6119,325043,349
4471.00 -4001,325043,-1117
4236.00 -4471,326220,-139
4236.00 -4471,326220,-139
4236.00 -5648,324572,767
5413.00 -3059,323631,558
4001.00 -2824,329985,-69
4001.00 -2824,329985,2164
5884.00 -4707,327161,2164
5884.00 -4707,327161,-3211
4471.00 -4001,329044,-1047
4001.00 -3765,326455,3211
4001.00 -3765,326455,3211
4001.00 -3059,325984,-2932
4471.00 -5413,326690,-1117
4471.00 -5413,326690,2513
4236.00 -4471,325513,-837
4236.00 -4471,325513,-837
4236.00 -4942,325749,-628
3765.00 -5648,325513,-628
3765.00 -2824,325043,698
3765.00 -2824,325043,69
3765.00 -4001,328338,-279
2824.00 -5648,325513,-279
2824.00 -5648,325513,558
1176.00 -5178,325513,69
4707.00 -4001,327867,-558
4707.00 -4001,327867,418
5178.00 -5413,329515,418
5178.00 -5413,329515,-488
3765.00 -2589,326220,-1326
5884.00 -706,326926,-1675
6825.00 -3295,326926,2164
6825.00 -3295,326926,2164
2118.00 -5648,325043,1954
3765.00 -4942,325278,2373
3765.00 -4942,325278,-2652
4236.00 -2824,325984,-209
3530.00 -4942,326455,-2722
3530.00 -4942,326455,-2722
3059.00 -4001,323160,1815
3059.00 -4001,323160,3769
2824.00 -4707,322689,0
3059.00 -2824,325513,0
3059.00 -2824,325513,418
3295.00 -3765,324101,907
4471.00 -3765,325984,3141
4471.00 -3765,325984,-1884
3530.00 -4707,327396,-1884
5884.00 -5884,323631,-1256
3059.00 -5413,324807,-558
3059.00 -5413,324807,-837
1882.00 -3530,325749,1047
1882.00 -3530,325749,1047
3059.00 -5413,328809,-1256
2824.00 -4471,328338,-1256
2824.00 -4471,328338,2234
4471.00 -2824,327161,-698
3530.00 -4471,327161,209
3530.00 -4471,327161,209
4001.00 -5884,325043,2373
4471.00 -3530,325749,2164
3530.00 -3295,324101,-2932
3530.00 -3295,324101,1256
3530.00 -2353,326455,1256
3530.00 -2353,326455,488
5884.00 -4001,326690,-2164
4001.00 -4001,327161,418
4001.00 -4001,327161,2094
4942.00 -6354,322218,1954
2353.00 -5413,324337,1954
2353.00 -5413,324337,-3490
5648.00 -4001,327632,2583
3530.00 -1882,326926,488
3530.00 -1882,326926,-558
4236.00 -706,325984,-558
3765.00 -1412,327161,698
3295.00 -6590,324572,279
3295.00 -6590,324572,-488
4236.00 -4236,325278,628
4236.00 -4236,325278,628
3059.00 -3530,325984,1535
4471.00 -4236,324572,-1466
4471.00 -4236,324572,69
6590.00 -2589,327867,69
2824.00 -4707,325043,-1256
2824.00 -4707,325043,-1256
3765.00 -3295,325043,558
4707.00 -6354,328809,1605
1882.00 -2589,325043,2373
1882.00 -2589,325043,-1326
4471.00 -4001,327867,-1326
4471.00 -4001,327867,1186
3530.00 -4471,329750,-2583
5413.00 -4236,327867,3351
5413.00 -4236,327867,3351
6825.00 -3295,326926,-3490
5648.00 -4707,327396,2024
5648.00 -4707,327396,-2583
6119.00 -3059,325513,837
6119.00 -2824,325749,-2513
5648.00 -3765,324101,1535
5648.00 -3765,324101,1535
6119.00 -4001,326220,1535
6119.00 -4001,326220,1256
2824.00 -5413,326455,-767
3765.00 -4001,324807,1815
3765.00 -4001,324807,1815
4236.00 -2824,321748,-1326
3530.00 -2589,326926,628
3530.00 -2589,326926,-977
3295.00 -1882,326455,-977
3530.00 -2589,327632,209
5648.00 -2353,324572,-558
5648.00 -2353,324572,-1326
6590.00 -4942,324337,2443
6590.00 -4942,324337,-1256
4942.00 -7061,327396,139
2353.00 -4707,328103,139
2353.00 -4707,328103,0
2118.00 -4707,327632,1675
4707.00 -5413,324572,-2652
4707.00 -5413,324572,3001
7531.00 -7767,326455,3001
2824.00 -3530,329279,1884
2824.00 -3530,329279,-558
5178.00 -4942,327161,-1117
4942.00 -1647,327867,1047
2353.00 -3765,325984,-4817
2353.00 -3765,325984,-4817
2589.00 -2824,325984,2862
2589.00 -2824,325984,-837
4236.00 -4236,328103,3839
3765.00 -2353,325984,-4118
3765.00 -2353,325984,-4118
3765.00 -3295,325749,2513
3059.00 -3530,329044,-1535
3059.00 -3530,329044,1117
4236.00 -3765,328809,1117
6590.00 -4942,325984,-488
6354.00 -4001,327161,488
6354.00 -4001,327161,-2862
7296.00 -6119,325749,1256
7296.00 -6119,325749,558
5413.00 -5648,326220,3071
2118.00 -7296,325043,3071
2118.00 -7296,325043,-418
1882.00 -4236,324807,-628
4236.00 -4236,325043,2094
1882.00 -3765,327396,-69
1882.00 -3765,327396,-69
3530.00 -3530,324101,-1256
4471.00 -5413,327161,0
4471.00 -5413,327161,1047
5178.00 -2353,326220,-837
5178.00 -2353,326220,-837
2824.00 -5884,322924,349
4001.00 -3530,324807,1047
4001.00 -3530,324807,1186
6119.00 -5648,325043,1186
4001.00 -4471,326455,209
4001.00 -4471,326455,209
5648.00 -5178,326926,698
4707.00 -3765,327867,-1047
4942.00 -4707,324337,-2932
4942.00 -4707,324337,1535
6590.00 -5178,325749,1535
6590.00 -5178,325749,1256
4236.00 -5413,328338,-1186
4236.00 -4707,326926,1954
4236.00 -4707,326926,139
4236.00 -2824,325513,139
4942.00 -3059,327396,-209
4942.00 -3059,327396,767
2824.00 -6354,325513,1396
3530.00 -4236,327396,1396
2824.00 -1176,329044,558
5413.00 -4707,326690,-1884
3765.00 -2824,327161,1396
4707.00 -4942,325043,2024
4001.00 -4707,327632,349
4236.00 -4001,327867,349
4236.00 -4001,327867,-977
4707.00 -6119,323631,-209
3059.00 -5884,326926,-69
3059.00 -5884,326926,-69
6354.00 -3765,326690,-837
4471.00 -5648,326926,1047
4471.00 -5648,326926,698
2118.00 -5178,325984,-558
2118.00 -5178,325984,-558
4471.00 -6119,325513,-1117
5178.00 -6590,326455,-1117
2118.00 -6590,327632,209
2118.00 -6590,327632,1047
4001.00 -5413,323395,-349
4942.00 -3530,326220,-349
4942.00 -3530,326220,1675
4942.00 -2824,327632,-3211
3530.00 -3765,325749,1815
3530.00 -3765,325749,837
5178.00 -4942,327632,837
5178.00 -4942,327632,-837
5178.00 -4942,323631,-837
8473.00 -4001,327396,-1117
8473.00 -4001,327396,1535
5884.00 -3059,326690,1535
3295.00 -8943,328103,-977
3295.00 -8943,328103,-1117
4942.00 -8473,328103,2234
5648.00 -5413,324337,2234
5178.00 -2353,326220,-558
5178.00 -2353,326220,-558
5648.00 -6354,325749,69
5648.00 -6354,325749,69
4236.00 -3765,326926,3979
5648.00 -6354,327867,-1466
5648.00 -6354,327867,-1466
3765.00 -6119,327867,-349
4001.00 -5178,326926,-1605
1882.00 -4707,327396,2094
1882.00 -4707,327396,209
5178.00 -7061,329515,209
1882.00 -3765,325278,349
1882.00 -3765,325278,1047
2589.00 -3530,325749,-3071
2589.00 -3530,325749,-3071
4001.00 -1412,324337,1605
3059.00 -2353,325043,1605
3059.00 -2353,325043,-349
3295.00 -2824,325984,209
3059.00 -5178,327632,-2024
3059.00 -5178,327632,2094
4942.00 -3530,328809,2094
2353.00 -1412,325513,-3001
2589.00 -6354,327161,-1884
5178.00 -6354,326220,4607
4471.00 -4471,323631,4607
4471.00 -4471,323631,-3979
5884.00 -8002,324572,-4537
5648.00 -3295,324337,2862
5648.00 -3295,324337,767
4471.00 -6825,327396,2024
2589.00 -5648,326690,-2373
2589.00 -5648,326690,-2373
4471.00 -4471,325984,-558
4942.00 -2353,328338,-2722
4942.00 -2353,328338,628
4236.00 -4001,327396,628
5178.00 -4471,324572,0
1882.00 -3059,325984,-488
1882.00 -3059,325984,1047
4471.00 -4001,326220,-3211
4471.00 -4001,326220,-3211
3295.00 -2589,325749,488
4942.00 -2118,325984,488
4942.00 -2118,325984,-2722
4471.00 -3295,329515,4188
6119.00 -3295,325984,209
6119.00 -3295,325984,977
2589.00 -5413,327161,977
2589.00 -4471,329044,-1047
4942.00 -4471,326690,69
4942.00 -4471,326690,-767
4942.00 -5413,325043,907
4942.00 -5413,325043,907
2353.00 -7767,327161,-837
2824.00 -5413,324572,1396
2824.00 -5413,324572,279
2353.00 -6590,325749,-488
3765.00 -4001,327867,-1047
5884.00 -5178,322218,-1047
5884.00 -5178,322218,-209
4471.00 -3295,322218,1256
3765.00 -4001,323631,-1117
3765.00 -4001,323631,69
4942.00 -6354,324337,69
4942.00 -6354,324337,3420
5178.00 -3059,325984,2792
4707.00 -706,324101,-3560
4707.00 -706,324101,-3560
5884.00 -5648,327161,2164
6119.00 -2589,326220,2583
4471.00 -5178,325749,-1884
4471.00 -5178,325749,0
4942.00 -5178,328103,1466
6354.00 -6354,326455,1815
6354.00 -6354,326455,1815
4707.00 -6354,327396,418
4707.00 -6354,327396,-837
5413.00 -3765,328573,1256
5178.00 -4236,327867,-558
5178.00 -4236,327867,-558
4001.00 -2353,330692,-837
1647.00 -4707,326455,-1535
2824.00 -4236,327396,1256
2824.00 -4236,327396,-1605
2118.00 -3530,327161,-2652
4471.00 -2824,326690,-2652
4471.00 -2824,326690,5585
3059.00 235,326926,-3979
2824.00 -5884,323160,3839
2824.00 -5884,323160,-3420
2824.00 -6354,325043,-3420
3295.00 -5884,328573,209
2589.00 -6590,326690,-3351
4001.00 -5178,325513,977
4471.00 -3059,325984,-628
4471.00 -3059,325984,-628
3765.00 -5413,324572,4258
4001.00 -4707,329279,-2164
4001.00 -4707,329279,3700
4471.00 -4707,330221,-3351
6119.00 -4471,325278,209
6119.00 -4471,325278,209
4942.00 -5884,326926,3001
4942.00 -5884,326926,-1117
4001.00 -3765,326690,-767
2824.00 -5648,328338,1815
3530.00 -4471,325749,1815
3530.00 -4471,325749,-767
4942.00 -1412,326455,837
4942.00 -2824,326926,-2373
4942.00 -2824,326926,-2373
4001.00 -5413,327867,3909
2353.00 -3530,328809,-2652
2353.00 -3530,328809,-837
3059.00 -4471,326220,-69
3059.00 -4471,326220,2862
6119.00 -2118,326926,-1605
5178.00 -2118,326926,-1605
4001.00 -5178,326926,279
4001.00 -5178,326926,-628
6825.00 -5413,327396,0
7296.00 -3059,327161,-1117
7296.00 -3059,327161,-1117
2353.00 -5884,326926,2443
2118.00 -5178,328338,-279
2118.00 -5178,328338,-1396
3059.00 -5178,323395,-558
3059.00 -5178,323395,-558
4001.00 -8473,330927,-1815
5413.00 -9414,329044,488
4942.00 -2824,327161,2443
3765.00 -4236,322924,-1256
4001.00 -4707,325749,1256
5178.00 -2118,329279,1256
5178.00 -2118,329279,69
3530.00 -6119,329750,3630
3059.00 -4942,328573,-3700
3059.00 -4942,328573,2094
5178.00 -3765,329985,2094
4707.00 -3059,325043,1815
4707.00 -3059,325043,1815
3295.00 -4471,324101,-139
2353.00 -4001,325513,2303
1647.00 -1647,327396,2303
4001.00 -4236,325513,2303
3059.00 -4471,325749,1326
3059.00 -4471,325749,-1675
4942.00 -4942,326220,-279
4001.00 -4942,328103,-628
4001.00 -4942,328103,-628
5413.00 -4001,327867,1047
4471.00 -1882,326690,1745
3530.00 -5884,325749,-139
3530.00 -5884,325749,-488
2824.00 -5648,324101,-349
5648.00 -3295,325043,2094
5648.00 -3295,325043,2094
6119.00 -4707,326690,1396
6119.00 -4707,326690,-2583
4942.00 -3765,325043,-1675
4236.00 -5648,327161,3001
4236.00 -5648,327161,3001
2589.00 -4001,327867,-2652
2824.00 -2118,326926,-837
4471.00 -3059,326926,3700
4471.00 -3059,326926,3700
4471.00 -6119,328809,-2164
6119.00 -7061,325513,-209
6119.00 -7061,325513,-279
6119.00 -3765,326455,-1605
4236.00 -2589,324101,-488
4236.00 -2589,324101,1605
4471.00 -2118,328103,-698
5648.00 -2353,326220,-698
5648.00 -2353,326220,1815
4471.00 -2118,328338,2792
6825.00 -6119,326926,-3909
6825.00 -6119,326926,0
6354.00 -6825,324101,2094
6590.00 -2824,325749,2094
6590.00 -2824,325749,69
7767.00 -2824,325984,-977
7767.00 -2824,325984,-977
4001.00 -3530,323866,-837
2824.00 -3765,326455,0
5178.00 -2118,323160,3071
5178.00 -2118,323160,-3700
2824.00 -6590,327396,628
3765.00 -9414,325513,209
3765.00 -9414,325513,209
941.00 -5413,325278,-1954
470.00 -5648,324337,-1884
470.00 -5648,324337,279
2824.00 -5884,326220,-1396
4236.00 -4001,326690,-1396
3530.00 -2824,325749,-2024
4942.00 -2589,329044,4328
5884.00 -5178,326220,-3560
5884.00 -5178,326220,0
3765.00 -1647,330456,-1815
4707.00 -3765,326220,-1815
4707.00 -3765,326220,349
6354.00 -4001,328573,209
4942.00 -6354,322454,-1117
4942.00 -6354,322454,-1396
2824.00 -4001,324101,-1396
2824.00 -4001,324101,2792
6825.00 -4942,323631,-977
4236.00 -6825,325043,-1047
3530.00 -5413,328103,1047
3530.00 -5413,328103,1047
3765.00 -4471,325984,-767
5648.00 -4707,327161,837
5648.00 -4707,327161,837
5178.00 -6825,325984,837
4942.00 -6119,327161,-837
4942.00 -6119,327161,2164
3530.00 -5413,324337,-1396
3295.00 -6825,329515,209
3295.00 -6825,329515,-1256
6119.00 -3765,328338,-1256
5413.00 -4471,327867,2373
3765.00 -5178,327161,1396
3765.00 -5178,327161,-837
6354.00 -5648,326926,977
6354.00 -5648,326926,488
4236.00 -6825,327161,907
3295.00 -4707,325278,907
3295.00 -4707,325278,-2932
3765.00 -5178,329044,2373
3059.00 -5648,327161,488
3059.00 -5648,327161,488
4001.00 -5884,325984,2094
4001.00 -5884,325984,-3141
3059.00 -5648,324101,2373
6119.00 -6354,327161,-2513
4471.00 -5413,326690,-2513
4471.00 -5413,326690,907
5648.00 -6590,323631,488
3765.00 -2118,326455,628
3765.00 -2118,326455,-628
5413.00 -5648,325513,-1117
6590.00 -3530,325278,-279
6590.00 -3530,325278,-279
4707.00 -5178,325749,2164
3530.00 -3530,323866,-1884
4471.00 -4236,326455,1256
4942.00 -2589,326220,1256
4001.00 -3530,327867,139
4001.00 -3530,327867,-837
941.00 -4001,326690,-1884
4001.00 -2589,326690,-767
4001.00 -2589,326690,-767
2589.00 -6119,325749,767
4707.00 -4471,325278,-418
4707.00 -4471,325278,2862
3295.00 -4707,325749,-2792
3295.00 -4707,325749,-2792
4001.00 -5413,327867,-1605
4471.00 -3530,327396,-1605
4001.00 -4471,327161,2862
4001.00 -4471,327161,-2652
2353.00 -3295,325043,1884
1176.00 -4707,324807,-1884
1176.00 -4707,324807,-1884
4471.00 -4236,326455,0
3530.00 -4001,328338,-1745
3530.00 -4001,328338,1535
5884.00 -3530,326455,1535
3295.00 -6354,326220,-1884
3295.00 -6354,326220,3141
3530.00 -5178,326220,-5235
5648.00 -4707,327632,2722
3295.00 -4001,323866,-1326
4001.00 -4471,324101,-1326
1647.00 -1882,325043,-69
1647.00 -1882,325043,4398
4707.00 -3530,327632,1396
5413.00 -5178,328573,-1256
5413.00 -5178,328573,-1256
4707.00 -3295,326455,1396
4942.00 -5884,321041,2094
4942.00 -5884,321041,-1884
2589.00 -2824,324101,1675
3765.00 -3530,327396,1675
3765.00 -4001,325749,-1675
3765.00 -4001,325749,-1675
3530.00 -3765,325749,1256
3530.00 -3765,325749,1605
2589.00 -4471,325984,1256
5413.00 -3765,326926,1256
5413.00 -3765,326926,69
4942.00 -4707,326220,-488
1882.00 -3530,329044,209
1882.00 -3530,329044,-1605
3765.00 -3765,326455,-1605
4707.00 -6119,326220,698
4707.00 -6119,326220,-2932
3059.00 -7296,326690,628
2353.00 -6354,326690,1605
2118.00 -7296,325278,558
2118.00 -7296,325278,558
3765.00 -7296,326220,0
3765.00 -7296,326220,2094
4707.00 -5884,328103,-69
3059.00 -2589,325043,-279
3059.00 -2589,325043,-279
2589.00 -1647,326220,1047
2353.00 -2589,323866,-698
2353.00 -2589,323866,279
1882.00 -1882,327867,-139
3295.00 -2353,324337,-139
4471.00 -941,326690,1815
4471.00 -941,326690,-2373
4236.00 -1647,328809,349
4236.00 -1647,328809,1117
4942.00 -2824,328809,0
3530.00 -5884,325278,1954
3530.00 -5884,325278,1954
5884.00 -4001,325513,-3141
6354.00 -2353,325513,767
6354.00 -2353,325513,488
5884.00 -1882,325749,488
5178.00 -4236,324807,-837
3059.00 -5413,324572,1535
3059.00 -5413,324572,488
3295.00 -6825,327396,-69
3295.00 -6825,327396,-69
2589.00 -7061,330221,-488
2589.00 -5884,327632,-488
2589.00 -5884,327632,-3071
4471.00 -6590,327632,1186
3295.00 -7767,327867,767
4707.00 -5884,325984,-558
4707.00 -5884,325984,-558
3295.00 -4942,328103,-2373
3530.00 -5648,326455,-1396
3530.00 -5648,326455,767
2118.00 -4001,328338,-488
2118.00 -4001,328338,-488
4001.00 -3765,326926,349
2589.00 -3059,326455,349
4707.00 -6825,326926,767
4707.00 -6825,326926,1186
5413.00 -4471,326455,1884
4471.00 -3765,327396,1884
4471.00 -3765,327396,-1605
5413.00 -2118,323866,3141
4707.00 -4236,326220,-5375
4707.00 -4236,326220,-5375
3765.00 -4236,326690,2513
4001.00 -2118,327161,767
4001.00 -2118,327161,-1745
3530.00 -2353,325749,1815
3530.00 -2353,325749,-1326
5884.00 -2824,327396,-2722
2824.00 -4471,327867,-2722
4236.00 -2589,326926,837
4236.00 -2589,326926,-488
5884.00 -6590,321512,-1675
4001.00 -8237,321983,1815
4001.00 -8237,321983,1815
-470.00 -6590,320335,-1326
2118.00 -5884,325749,628
2118.00 -5884,325749,-698
2824.00 -6119,323866,-2652
3765.00 -6590,325984,-2652
2824.00 -5648,326690,-209
2824.00 -5648,326690,-209
4236.00 -5648,327161,-1605
4236.00 -5648,327161,0
2589.00 -2118,326690,-767
4236.00 -1647,326690,837
4236.00 -1647,326690,837
3295.00 -3530,327396,1535
4471.00 -3765,326926,-558
4471.00 -3765,326926,-1605
6119.00 235,327396,-1605
5648.00 -2118,327632,2583
4236.00 0,326926,-2932
4236.00 0,326926,-628
3765.00 -1412,325749,-209
3765.00 -1412,325749,-209
5413.00 -3530,328103,0
5648.00 -7296,326926,-1675
5648.00 -7296,326926,3001
7061.00 -5178,325278,3001
7061.00 -5178,325278,-3979
5413.00 -2824,325043,-1396
5884.00 -4236,329279,2443
5884.00 -4236,329279,-1815
4236.00 -10356,324337,-1605
4236.00 -6590,326220,-1605
4236.00 -6590,326220,-1466
5413.00 -7296,326926,2513
1882.00 -941,329985,1186
3530.00 -1647,325984,698
3530.00 -1647,325984,698
4471.00 -5648,323866,-2862
3530.00 -2589,325749,2583
3530.00 -2589,325749,-837
3295.00 -3765,328809,-1256
3295.00 -3765,328809,-1256
5178.00 -3295,326220,2373
3765.00 -1176,325749,2373
3765.00 -1176,325749,-698
2353.00 -235,325749,418
4942.00 -3295,326926,349
5413.00 -2824,328809,349
5413.00 -2824,328809,-837
3530.00 -4001,326926,-279
5648.00 -2118,325749,-1605
5648.00 -2118,325749,3001
4471.00 -1412,323395,3001
4471.00 -1412,323395,-2862
4236.00 -6825,326455,2583
4707.00 -5884,325278,-1326
4707.00 -5884,325278,2373
3765.00 -7061,321277,2373
3765.00 -10120,324572,0
3765.00 -9414,322924,0
3765.00 -9414,322924,69
3530.00 -8002,322218,1047
3059.00 -8002,322218,-209
3059.00 -8002,322218,-2024
3295.00 -8002,327632,-2024
3295.00 -8002,327632,1047
1412.00 -5413,326455,2373
1882.00 -7061,325749,-69
4001.00 -5884,330927,-69
4001.00 -5884,330927,-2024
3765.00 -1176,326220,1326
2353.00 -3059,327632,69
2353.00 -3059,327632,-558
4707.00 -4001,321983,-558
3530.00 -2118,325984,-907
3530.00 -2118,325984,-907
4942.00 -3059,325278,1396
4942.00 -3059,325278,2094
2118.00 -941,325749,-1256
2589.00 0,326926,-1256
2589.00 0,326926,-767
3059.00 -470,326926,2513
5178.00 -3295,329044,4258
4471.00 -5178,328573,-3560
4471.00 -5178,328573,-3560
5648.00 -5884,328103,767
4001.00 -7061,327632,-488
4001.00 -7061,327632,-558
941.00 -8002,326926,698
941.00 -8002,326926,698
4001.00 -4001,325043,279
3530.00 -4707,325984,977
3530.00 -4707,325984,-209
3765.00 -5648,325043,837
2118.00 -4001,327867,1186
2118.00 -4001,327867,1186
5413.00 -3530,325984,-1256
4707.00 -2353,322924,-558
5648.00 -1412,325513,-558
5648.00 -1412,325513,-558
4942.00 -3295,324337,-558
4942.00 -3295,324337,2722
4001.00 -6119,326926,209
2589.00 -5648,326455,-209
2589.00 -5648,326455,3001
3295.00 -5884,326690,3001
4707.00 -5648,326690,-837
4707.00 -5648,326690,488
2824.00 -3765,325513,-1256
3530.00 -2589,324101,558
5884.00 -5648,323395,-279
5884.00 -5648,323395,-279
2589.00 -4707,327632,-767
2589.00 -4707,327632,3420
4236.00 -4236,328338,-1815
3295.00 -8473,325749,2513
3295.00 -8473,325749,2513
2353.00 -4471,326926,-1535
4471.00 -3530,329515,-139
3295.00 -4707,329515,-1186
3295.00 -4707,329515,-628
3765.00 -4236,326690,767
4707.00 -3765,330927,-418
4707.00 -3765,330927,-418
3059.00 -5413,325984,139
3295.00 -6590,325749,3211
3295.00 -6590,325749,-3141
2118.00 -2824,321041,1884
2118.00 -2824,321041,1884
2824.00 -3765,327161,-279
5413.00 -6825,326690,418
4001.00 -7767,328573,139
4001.00 -7767,328573,139
5178.00 -2589,326926,1256
3765.00 -4001,325749,1256
3765.00 -4001,325749,1605
3765.00 -4001,325984,-2583
3765.00 -941,326690,2303
3765.00 -941,326690,2303
3765.00 -5178,325984,-1117
3765.00 -5178,325984,1047
3059.00 -3530,324572,-2164
4471.00 -1412,323631,-977
3059.00 -3530,325043,977
3059.00 -3530,325043,977
2118.00 -4236,326690,-488
2589.00 -5178,324807,1047
2589.00 -5178,324807,-418
1882.00 -8473,328338,-837
7296.00 -4236,328573,-3141
7296.00 -4236,328573,-3141
5178.00 -4236,324807,1466
4001.00 -6119,327867,1745
3295.00 -8473,325749,-698
3295.00 -8473,325749,3351
1412.00 -6825,326690,3351
1412.00 -6825,326690,-1745
4942.00 -6825,324572,-1745
5178.00 -4942,326926,767
5178.00 -4942,326926,-209
1647.00 -2589,324337,767
2589.00 -5648,327867,139
1882.00 -4942,325278,139
1882.00 -4942,325278,1535
4942.00 -3765,327161,1815
3765.00 -3059,326455,-1396
3765.00 -3059,326455,-1396
3530.00 -3530,326455,418
5413.00 -4236,324101,767
5413.00 -4236,324101,-767
4707.00 -2118,326455,2513
4471.00 -4707,325749,-1675
4471.00 -6354,323160,-2583
4471.00 -5413,323631,-2583
4942.00 -5884,324337,1466
4942.00 -5884,324337,-279
4707.00 -2589,326455,-1396
3059.00 -1412,325043,837
3059.00 -1412,325043,837
4471.00 -4471,325749,698
5413.00 -5648,323631,-1326
5413.00 -5648,323631,-1047
2353.00 -4942,325278,3351
4707.00 -6119,327161,3351
3765.00 -5413,323866,-1326
4471.00 -4471,329515,1256
2824.00 -5413,329279,-69
2824.00 -5413,329279,-837
7061.00 4001,325043,-488
6119.00 3530,324572,-488
6119.00 3530,324572,698
4236.00 4707,327632,418
-2824.00 80495,306449,-2024
-2824.00 80495,306449,-837
-5884.00 92499,331162,-837
3059.00 50368,288090,1884
3059.00 50368,288090,1884
4707.00 44484,320100,-2652
2353.00 42366,349756,3490
-7061.00 -5413,327867,-1605
-7061.00 -5413,327867,-1605
-6590.00 -941,311391,279
-6590.00 -941,311391,-837
-29421.00 -41895,317040,1396
-30362.00 -47779,341048,-1605
-30833.00 -49427,354228,-628
-30833.00 -49427,354228,-628
-21653.00 -22830,349050,-2234
-22359.00 -21889,344343,2583
-22359.00 -21889,344343,418
-7296.00 -12709,320100,-209
-5648.00 -15298,330692,-69
-1882.00 -17181,332575,209
-1882.00 -17181,332575,209
-11062.00 -6590,316334,-3141
-17417.00 1647,311156,2583
-17417.00 1647,311156,418
-11533.00 7061,330221,-349
-9179.00 7296,326220,-69
-9179.00 7296,326220,-69
-12239.00 14357,313274,-1605
17181.00 8943,289502,349
17181.00 8943,289502,-279
20477.00 7767,287855,488
24949.00 1176,307155,488
59312.00 -16005,336811,-558
71787.00 -15063,305978,-558
59548.00 -12474,280558,1745
59548.00 -12474,280558,-3839
34599.00 -4707,323866,-1954
28479.00 -941,301506,-1954
28479.00 -941,301506,3211
24242.00 7767,285736,-698
22830.00 10356,240546,1884
22830.00 10356,240546,488
19770.00 10826,252549,488
33892.00 -18123,323395,2303
33892.00 -18123,323395,2024
37658.00 -12474,288561,-2164
37658.00 -12474,288561,-2164
32951.00 -45896,332339,-1675
29185.00 -40718,324807,-1675
26831.00 -44484,333987,2303
2589.00 -59312,328573,1535
2589.00 -59312,328573,0
1412.00 -56959,327161,488
1412.00 -56959,327161,488
-4001.00 -22830,314922,837
-706.00 -16005,321512,-209
-706.00 -16005,321512,3071
4471.00 -12945,335164,-1396
40012.00 -66373,315393,1535
40012.00 -66373,315393,1535
39071.00 -67079,322454,279
39071.00 -67079,322454,349
-8708.00 -52016,349992,2652
-14592.00 -49898,320571,-1605
-19535.00 -43543,300094,-1605
-4707.00 -4001,286442,2443
-4707.00 -4001,286442,1815
-9414.00 4236,303624,-3351
-9414.00 4236,303624,2722
-5648.00 4001,342460,3141
-4001.00 706,337282,3141
-4001.00 706,337282,-3979
2118.00 470,345284,2583
12945.00 -13180,364114,2164
12945.00 -13180,364114,2164
1882.00 -14122,365055,558
1882.00 -14122,365055,-2932
706.00 -52487,343166,418
1176.00 -51310,351639,-349
1176.00 -51310,351639,-349
-235.00 -53663,356817,837
27538.00 -85203,411894,-628
15063.00 -74140,315393,-11449
15063.00 -74140,315393,-11449
5413.00 -22359,382002,-209
21183.00 -55311,465793,-209
21183.00 -55311,465793,-13613
-9414.00 -63549,443668,-9215
-21183.00 -4236,378471,-17383
-21183.00 -4236,378471,-15149
-12003.00 8237,387180,-15149
-11768.00 -3059,332810,-14940
-35540.00 -3059,330221,-14940
-35540.00 -3059,330221,-11100
-11768.00 11768,350933,4328
-6825.00 13415,335870,8587
-6825.00 13415,335870,7679
14122.00 15298,370233,7679
-29891.00 11062,354934,-2443
-29891.00 11062,354934,-628
-29185.00 8237,362702,-558
-29185.00 8237,362702,-558
-39306.00 -5413,386238,-1605
-32951.00 -6590,401773,-1605
-48485.00 -8002,357288,-6143
-73434.00 10120,285501,-837
-73434.00 10120,285501,2373
-27067.00 17652,403656,3211
-27067.00 17652,403656,3211
-84261.00 0,301035,7260
-49662.00 4707,400125,2932
-49662.00 4707,400125,2443
-71081.00 -13180,346932,2443
-52722.00 -12945,374941,2443
-52722.00 -12945,374941,3630
-63784.00 -13651,363643,2373
-117448.00 -8002,356817,-1117
-117448.00 -8002,356817,-558
-95088.00 -10356,381766,-558
-121685.00 -7296,364585,-5096
-122156.00 -10120,356347,-5096
-122156.00 -10120,356347,-4118
-108504.00 -8708,312804,12077
-96736.00 -4942,327867,8168
-96736.00 -4942,327867,14172
-121920.00 -7061,321277,11030
-150164.00 -12003,272556,9005
-150164.00 -12003,272556,9005
-116507.00 -12239,374470,9145
-156990.00 -13415,303154,-558
-155107.00 -10591,322454,-1117
-155107.00 -10591,322454,209
-175113.00 -2589,301035,-5515
-172995.00 -4942,307626,-1117
-172995.00 -4942,307626,-1117
-233485.00 -4707,314451,6841
-230189.00 -1882,319159,837
-230189.00 -1647,311391,6352
-213008.00 706,310215,8377
-210419.00 -1412,313745,11309
-209242.00 -2824,313745,11309
-174407.00 -20241,293503,11868
-174407.00 -20241,293503,11868
-173936.00 -22830,288561,13334
-171347.00 -30597,254197,12426
-171347.00 -30597,254197,14032
-169935.00 -27302,248548,14800
-169935.00 -27302,248548,14800
-197709.00 6354,253726,8587
-199827.00 10120,249960,6352
-199592.00 9650,246901,8587
-221010.00 33422,245959,6911
-220539.00 31539,242193,1884
-223599.00 35069,243370,1884
-228542.00 44249,200062,3351
-231366.00 43543,198415,2722
-230425.00 42836,193472,7330
-228777.00 26596,173466,9354
-226659.00 30127,169464,9354
-228306.00 27302,166169,2234
-216538.00 941,154166,6911
-213008.00 -235,157461,8656
-211595.00 -1176,157225,5096
-211595.00 -1176,157225,5096
-225953.00 -11297,126157,7888
-225717.00 -10826,127804,7888
-225717.00 -10826,127804,1256
-253020.00 8002,93676,7260
-254197.00 8708,91793,767
-255138.00 7531,87556,3560
-294680.00 21418,76259,5934
-297034.00 23536,74611,5934
-298917.00 22124,75788,5026
-303860.00 19770,87792,14590
-303860.00 19770,87792,10821
-304095.00 19535,87556,12007
-304095.00 19535,87556,12007
-262435.00 -10120,104974,17453
-257963.00 -12239,101914,17453
-257963.00 -12239,101914,17174
-216067.00 -28714,88027,15358
-214420.00 -28008,85203,18151
-215361.00 -28950,81908,16126
-225953.00 -28714,46602,10890
-225953.00 -28714,46602,10890
-225247.00 -26831,45896,11239
-254903.00 -28479,26125,3351
-254903.00 -28479,26125,1256
-254668.00 -33186,22595,2862
-336105.00 -49191,-25655,-9843
-349050.00 -54370,-32245,-1396
-349050.00 -54370,-32245,-3071
-358700.00 -21183,48015,-2303
-345755.00 -12945,67785,-209
-332575.00 -5413,84497,-209
-332575.00 -5413,84497,-2792
-295151.00 -27302,62137,-209
-301035.00 -33892,57194,2094
-301035.00 -33892,57194,1815
-332575.00 -17417,235,5235
-327396.00 -15534,-4471,5235
-327396.00 -15534,-4471,5235
-318688.00 -18594,-5178,12636
-319394.00 -20712,-4001,12705
-317982.00 -23301,1882,18570
-301741.00 -78612,12709,14381
-301741.00 -78612,12709,13753
-299388.00 -81908,11062,13753
-299388.00 -81908,11062,13055
-274203.00 -109681,-8708,9215
-272085.00 -109446,-12474,8726
-271614.00 -108740,-15298,9494
-266671.00 -111799,-63313,7400
-266671.00 -111799,-63313,4747
-265024.00 -113447,-66138,6073
-255138.00 -105444,-81672,4258
-255138.00 -105444,-81672,4258
-253726.00 -107092,-79319,4468
-255845.00 -99796,-71551,2373
-257963.00 -95559,-72728,-1326
-257963.00 -95559,-72728,3490
-273497.00 -87792,-66373,-628
-274674.00 -88263,-65903,-1256
-274674.00 -88263,-65903,1117
-278205.00 -88733,-65903,1117
-294445.00 -87556,-59783,5026
-296799.00 -88733,-55076,5026
-296799.00 -88733,-55076,3769
-309273.00 -85909,-41660,4886
-309273.00 -87321,-45661,3001
-307390.00 -82614,-45190,6352
-317040.00 -84732,-23301,4817
-315628.00 -84261,-20947,3071
-315393.00 -81201,-21183,3141
-315393.00 -81201,-21183,3141
-312568.00 -86615,-12239,1745
-313039.00 -90381,-9885,1884
-310685.00 -89675,-11768,-837
-306449.00 -96971,4942,2513
-306449.00 -96971,4942,-3211
-303624.00 -95088,5648,-488
-303624.00 -95088,5648,-488
-312097.00 -79319,-5648,488
-310450.00 -79554,-6590,488
-311391.00 -78377,-4236,-1884
-314451.00 -69904,-10120,-1047
-314451.00 -69904,-10120,1815
-312568.00 -69433,-9885,1535
-318452.00 -70610,-7061,5305
-317746.00 -72493,-4942,-558
-317746.00 -72493,-4942,4398
-317511.00 -70375,-6590,4398
-319394.00 -68962,-4236,3351
-319394.00 -68962,-4236,139
-320335.00 -69668,-4236,5305
-324101.00 -70139,-8002,488
-324572.00 -72493,-3059,139
-324572.00 -72493,-3059,-628
-329044.00 -64490,-1882,488
-329279.00 -68962,4236,1256
-329279.00 -68962,4236,1256
-329750.00 -68256,470,1047
-317511.00 -64961,8943,1186
-317511.00 -64961,8943,-2792
-317982.00 -63549,9179,3071
-308096.00 -60254,10591,-1256
-307861.00 -60489,11297,-1884
-307861.00 -60489,11297,-1884
-312333.00 -61195,6590,-1466
-310921.00 -68492,19535,1256
-310921.00 -68492,19535,-558
-312333.00 -68492,17887,488
-327161.00 -57429,15769,1535
-328573.00 -61901,12239,-2234
-328573.00 -61901,12239,-2234
-325749.00 -51545,8237,977
-324807.00 -53899,8943,977
-324807.00 -53899,8943,3560
-326220.00 -55311,5884,3909
-311627.00 -63313,3530,8307
-308096.00 -61901,5413,4747
-308096.00 -61901,5413,4747
-306449.00 -64726,2353,9634
-306449.00 -63549,941,9634
-306449.00 -63549,941,10402
-307626.00 -63784,4001,11309
-312804.00 -57665,8473,13543
-314922.00 -57665,8943,14590
-314922.00 -57665,8943,14590
-300564.00 -50368,1412,22060
-299388.00 -50133,4001,22060
-299388.00 -50133,4001,19268
-268319.00 -61195,5648,20106
-269496.00 -61901,941,20594
-269496.00 -61901,941,22200
-266436.00 -60724,1412,22200
-264789.00 -63784,6825,26738
-264789.00 -63784,6825,30019
-265965.00 -66373,7531,23038
-281500.00 -47308,11062,31904
-280558.00 -46602,10356,33021
-280558.00 -46602,10356,33021
-304095.00 -21889,31539,40002
-305272.00 -21889,34599,40002
-305272.00 -21889,34599,42236
-323395.00 -706,60724,52220
-322689.00 3059,63549,50823
-322689.00 3059,63549,52010
-321983.00 3765,64961,52010
-324101.00 13415,78377,61994
-324101.00 13415,78377,61575
-323160.00 13180,78612,60039
-313274.00 21418,60254,69952
-312333.00 24007,56252,69952
-312333.00 24007,56252,69464
-296563.00 28244,72257,75049
-292797.00 29185,73199,76305
-292797.00 29185,73199,72326
-285030.00 30597,87792,77562
-285972.00 33657,87321,77562
-285972.00 33657,87321,73792
-281735.00 33422,91087,76724
-291856.00 41424,106857,69952
-291856.00 41424,106857,68905
-294916.00 41895,107092,68905
-305036.00 52251,150635,61854
-305036.00 52251,150635,61854
-306449.00 49662,149694,64158
-324807.00 91793,136984,60737
-324807.00 91793,136984,60388
-326220.00 94617,135336,60388
-365291.00 117684,121214,59829
-363643.00 117213,123332,59829
-363643.00 117213,123332,61505
-323866.00 96030,128510,62133
-323631.00 94382,129217,62412
-323631.00 94382,129217,62412
-299858.00 104503,111093,63599
-299152.00 104503,111093,63599
-299152.00 104503,111093,62552
-295857.00 111329,93441,62622
-295857.00 109446,94382,61226
-295857.00 109446,94382,61226
-289502.00 121214,115330,57805
-286678.00 121214,116271,57805
-286678.00 121214,116271,52429
-253020.00 129452,110387,54035
-253491.00 128981,105915,46984
-252079.00 130158,109210,55361
-246665.00 140985,92264,48869
-246194.00 138867,91793,48869
-246901.00 139573,92735,51242
-239133.00 147811,102855,54873
-239133.00 147811,102855,46146
-237015.00 148517,100031,48240
-221481.00 157461,106857,49427
-221481.00 157461,106857,49427
-224070.00 154636,110622,50474
-209006.00 163110,123097,52499
-209006.00 163110,123097,46146
-211831.00 163345,125686,49567
-206888.00 174878,132041,44750
-206888.00 174878,132041,44750
-205476.00 175349,130629,47472
-186176.00 175819,128746,48450
-186176.00 175819,128746,41818
-188294.00 177702,129217,48101
-183822.00 174878,126392,48101
-169700.00 197003,128040,49008
-167817.00 199121,126627,43144
-168994.00 197944,122391,44959
-154401.00 229013,109210,46984
-154401.00 229013,109210,50684
-153459.00 228542,107327,50684
-150635.00 233955,120037,48450
-150635.00 233955,120037,53407
-149458.00 239133,118860,49497
-165228.00 258904,110152,45797
-165228.00 258904,110152,49427
-164757.00 258198,106386,49427
-160285.00 271379,101208,37070
-160285.00 271379,101208,37070
-156755.00 274909,99089,41469
-140750.00 272320,117213,35185
-140514.00 273733,115094,34417
-140514.00 273733,115094,34417
-132276.00 278205,108740,31555
-132041.00 277734,106150,31555
-132041.00 277734,106150,31206
-140985.00 287619,135336,28134
-143103.00 287384,133218,28553
-143103.00 287384,133218,28553
-141926.00 285501,141691,27506
-142397.00 282912,140514,27506
-142397.00 282912,140514,28623
-122391.00 274909,156284,20943
-122862.00 278440,153224,19896
-122862.00 278440,153224,19896
-105680.00 292562,117919,14521
-102385.00 293739,115094,14102
-102385.00 293739,115094,14381
-112035.00 309979,101678,19547
-110622.00 309979,104503,11170
-110622.00 309979,104503,11170
-112035.00 308332,121920,17104
-108740.00 311156,121685,17383
-107327.00 310921,123568,14241
-107327.00 310921,123568,14241
-94617.00 311862,124038,16126
-92735.00 309508,121920,16126
-92735.00 309508,121920,11938
-67315.00 317982,109916,9494
-69904.00 320335,108033,10960
-69904.00 320335,108033,9634
-49898.00 309038,99325,10332
-46367.00 307626,98854,10332
-46367.00 307626,98854,8237
-48250.00 308332,100737,11100
-36952.00 297269,115094,7260
-36952.00 297269,115094,9843
-37894.00 296799,115094,9843
-31539.00 290444,115094,7260
-31539.00 290444,115094,7819
-33422.00 292562,116977,7749
-34599.00 294210,110622,9704
-34599.00 294210,110622,9704
-37423.00 298917,110387,9075
-36952.00 315393,119331,3700
-38600.00 320335,119802,6422
-38600.00 320335,119802,10332
-36011.00 321748,120037,10332
-52251.00 314216,111799,5375
-52251.00 314216,111799,7539
-50604.00 312804,112741,6492
-62843.00 296328,113682,2792
-62843.00 296328,113682,9913
-62137.00 298917,117684,9913
-59548.00 287384,104503,5864
-59548.00 287384,104503,13892
-55076.00 289031,106386,9913
-30127.00 300564,113682,9285
-30127.00 300564,113682,6911
-31539.00 304566,114859,6911
-31539.00 304566,114859,11170
-27538.00 313510,104268,5375
-28244.00 311862,102385,5305
-28244.00 311862,102385,5305
-17887.00 292327,97206,2303
-15298.00 289502,96265,2303
-15298.00 289502,96265,2303
-14122.00 290914,96736,5794
-12003.00 283618,100737,837
-12003.00 283618,100737,837
-12474.00 284324,100972,1396
-14357.00 293739,102620,1605
-12709.00 294210,105209,-69
-12709.00 294210,105209,1815
-21418.00 305978,103797,5515
-22359.00 304330,103797,5515
-22359.00 304330,103797,3979
-22124.00 308332,107327,6841
-38364.00 306684,113682,7190
-38364.00 306684,113682,8726
-37188.00 309508,114624,8726
-106150.00 312568,176761,23317
-106150.00 312568,176761,25062
-151106.00 288561,68021,21851
-51545.00 369998,144045,26459
-51545.00 369998,144045,27227
-71081.00 357524,103561,27227
-71081.00 357524,103561,28902
-28008.00 332810,82378,22689
-27538.00 331398,75082,25970
-24478.00 330221,83555,25970
-12474.00 311627,99325,21432
-10120.00 313980,94853,21432
-9885.00 309979,100266,16406
-9885.00 309979,100266,24434
-9179.00 305272,80025,13404
-9414.00 305036,79789,13404
-9414.00 305036,79789,16196
-8473.00 303389,69904,12007
-6825.00 302683,71551,16266
-6825.00 302683,71551,16266
-8237.00 303860,72257,15428
-9650.00 312804,83555,14241
-9650.00 312804,83555,14730
-12709.00 310215,83084,13194
-13415.00 312333,75553,10471
-13415.00 312333,75553,10471
-12239.00 307861,75553,14381
-12239.00 307861,75553,12985
-4471.00 310215,71551,17174
-7296.00 308802,74847,13823
-7296.00 308802,74847,13823
3059.00 297034,71787,13892
3295.00 296563,72964,15358
3295.00 296563,72964,9773
2353.00 294680,73670,9773
-22124.00 366232,95088,11379
-22124.00 366232,95088,14800
-10826.00 347638,102620,11798
-11533.00 321748,74140,12985
-6825.00 337047,84261,14660
-6825.00 337047,84261,14660
-7061.00 336811,84497,11379
-4236.00 304566,64961,9494
-4236.00 304566,64961,12077
-4236.00 303860,67785,11100
-17417.00 320571,84967,15009
-17417.00 320571,84967,15009
-31303.00 325749,86144,14730
-31303.00 325749,86144,17523
4471.00 315157,59077,15079
3765.00 311862,64255,16685
3765.00 311862,64255,16685
24478.00 294916,72493,18081
8002.00 308802,76259,19687
8002.00 308802,76259,19687
-2824.00 324572,74611,16057
27773.00 312333,72964,18989
27773.00 312333,72964,16755
32245.00 309744,69198,22689
32245.00 309744,69198,22689
39306.00 318688,65667,16126
33892.00 315863,60724,18849
33892.00 315863,60724,18221
32245.00 309508,63313,18221
20006.00 312333,60018,19757
20006.00 312333,60018,18360
17652.00 318217,68492,18919
13415.00 315157,66844,26738
13415.00 315157,66844,26738
4471.00 325043,77436,26529
4471.00 325043,77436,23806
2824.00 324101,50368,27296
1412.00 322689,58371,27296
1412.00 322689,58371,31346
706.00 323866,61901,26878
-3765.00 313980,66138,30647
-3765.00 313980,66138,29949
2118.00 318217,60724,29949
-7061.00 317746,68492,27785
-7061.00 317746,68492,29042
-2824.00 319865,69198,27227
-2824.00 319865,69198,27227
470.00 315628,40247,29321
470.00 327161,47073,30717
470.00 327161,47073,32393
3059.00 317511,48956,32393
27067.00 303860,41660,24574
27067.00 303860,41660,24644
26125.00 305743,41189,25761
941.00 314451,72964,22898
941.00 314451,72964,22898
3295.00 316334,65667,26738
3295.00 316334,65667,22968
2118.00 323160,44719,22968
6825.00 321748,46367,22968
6825.00 321748,46367,21432
7767.00 322924,46838,21991
706.00 322689,40012,16894
706.00 322689,40012,16894
-1412.00 319394,31774,15847
-1412.00 319394,31774,21991
-34363.00 356817,133924,17383
-21183.00 331633,143574,17174
-21183.00 331633,143574,17174
-4471.00 321983,10356,14032
-4707.00 322689,6354,15289
-4707.00 322689,6354,14590
-2353.00 325749,7531,14590
4236.00 321748,46367,17453
4236.00 321748,46367,17453
3295.00 324101,47779,14381
3295.00 324101,47779,14381
-6354.00 313510,36011,17104
-11297.00 313039,24007,17243
-11297.00 313039,24007,19826
19770.00 301035,52487,25621
12239.00 312804,46367,19617
12239.00 312804,46367,19617
-3059.00 314922,39777,25481
941.00 326926,25890,23596
941.00 326926,25890,16615
2353.00 324807,30833,16615
2353.00 324807,30833,19547
941.00 326220,26596,13264
941.00 332339,35069,13264
941.00 332339,35069,18779
-941.00 335870,43072,14172
8002.00 328338,37658,8517
8002.00 328338,37658,8517
10826.00 326220,37894,12845
3059.00 321041,34834,11379
3059.00 321041,34834,11239
5178.00 320571,36717,11239
5178.00 320571,36717,7120
-2353.00 325278,32716,9634
-2118.00 324572,29656,10192
-2118.00 324572,29656,7190
-2118.00 324101,28479,7190
-3765.00 325513,23301,9843
-3765.00 325513,23301,4188
-4001.00 326455,23536,8587
-1412.00 325043,22124,4537
-1412.00 325043,22124,4468
-3765.00 324572,23772,4468
-6119.00 324337,18123,1535
470.00 318688,26831,4677
470.00 318688,26831,2792
-1412.00 322454,27538,-837
-1412.00 322454,27538,-837
4236.00 321983,35540,2373
5884.00 325278,35305,4956
5884.00 325278,35305,977
7531.00 321041,33422,6911
1647.00 321748,23772,5864
1647.00 321748,23772,5864
3765.00 322218,21889,7679
3765.00 322218,21889,4817
-235.00 318452,14122,10192
0.00 318452,13886,10192
0.00 318452,13886,8796
470.00 315157,10356,12217
-3059.00 312804,21183,21642
-3059.00 312804,21183,21642
-235.00 313039,23301,21502
5178.00 311862,28950,29461
5178.00 311862,28950,29251
4707.00 312097,25419,35465
4707.00 309979,21889,35465
-13651.00 330456,93205,51522
-13651.00 330456,93205,51522
0.00 297975,101443,48520
20241.00 264082,-96030,-14311
20241.00 264082,-96030,-9913
-84497.00 639494,-157696,-9913
8708.00 339165,24242,-209
8708.00 339165,24242,-209
12474.00 341754,30833,-1954
12474.00 341754,30833,0
8002.00 333516,8708,-2024
10591.00 317982,13651,139
9885.00 318688,16005,139
9885.00 318688,16005,-69
22830.00 330456,8473,-3420
22359.00 328103,5413,1605
22359.00 328103,5413,1605
4471.00 327867,42366,1954
4471.00 327867,42366,-2234
1882.00 332810,44249,-1326
2589.00 336105,45661,-1326
8943.00 323160,-1647,488
8943.00 323160,-1647,488
8002.00 316099,0,-418
8002.00 316099,0,-1256
2353.00 333987,3530,0
941.00 332104,4707,0
941.00 332104,4707,767
-235.00 333281,5413,-558
7061.00 329985,-3059,2373
7061.00 329985,-3059,2373
6119.00 328573,-2824,-1256
6119.00 328573,-2824,0
18829.00 338223,-20241,1396
17887.00 338223,-25890,1396
17887.00 338223,-25890,5934
35540.00 326220,4707,-279
35540.00 325984,3295,837
35540.00 325984,3295,837
33657.00 330692,3765,4468
64255.00 343401,-6354,1954
64255.00 343401,-6354,3630
70610.00 330221,-7296,3839
70610.00 330221,-7296,3839
71787.00 312804,56723,0
77671.00 294680,45661,-977
77671.00 294680,45661,-2164
60724.00 321041,24949,3839
76494.00 284559,10120,-2932
82378.00 270908,15769,-2932
82378.00 270908,15769,2373
61195.00 337988,-22830,1256
1647.00 450494,61195,-3141
1647.00 450494,61195,-3141
89439.00 239840,-3530,3351
91793.00 243605,26361,3351
91793.00 243605,26361,4468
80495.00 275615,53663,4468
96971.00 317276,27067,8936
96971.00 317276,27067,8936
108504.00 295151,5884,9005
148517.00 195826,3295,18430
148517.00 195826,3295,18640
85438.00 425074,125451,18640
85438.00 425074,125451,12775
162403.00 274674,-46602,11309
180762.00 204534,-58371,14241
180762.00 204534,-58371,13543
123332.00 275615,-17652,17383
122862.00 283618,-4001,17383
121214.00 289502,-12003,22759
127334.00 327161,-3530,18500
129923.00 328338,1412,14451
129687.00 329985,-2824,16196
128040.00 329515,-6119,12566
128040.00 329515,-6119,12566
128510.00 327396,-7531,10332
128510.00 327396,-7531,10821
126627.00 311862,-11297,6702
125451.00 310685,-13180,7190
125451.00 310685,-13180,7190
131806.00 288561,-8708,7958
133218.00 285972,-9650,9913
133218.00 285972,-9650,9494
134159.00 285030,-8002,9424
146634.00 277969,-10826,10122
146634.00 277969,-10826,10122
147105.00 276086,-10826,9424
155813.00 273026,-11062,8447
155813.00 273026,-11062,6352
155107.00 275380,-12003,6352
168994.00 275145,-941,4468
168994.00 275145,-941,8447
167346.00 279381,1412,5235
168758.00 278205,0,5235
175584.00 274203,-4707,5515
178173.00 274439,-4471,5096
176290.00 271614,-5178,3909
176290.00 271614,-5178,7400
187117.00 261964,9885,2583
184763.00 259140,9650,2583
184763.00 259140,9650,628
188765.00 263376,-1412,-2094
188765.00 265259,-1647,-2932
188765.00 265259,-1647,-2094
189235.00 264082,-1176,-2094
198650.00 268790,-706,-5934
198650.00 268790,-706,-5585
195120.00 267613,-2353,-4956
184763.00 249019,1882,-10960
186646.00 248548,706,-7749
186646.00 248548,706,-7749
189471.00 248077,-2589,-10960
198179.00 266436,-6119,-5235
198179.00 266436,-6119,-4817
198885.00 268554,-5648,-5585
188765.00 262670,-8473,-2164
188765.00 262670,-8473,-2164
187352.00 261729,-12945,-1326
169229.00 253255,3059,-8447
169229.00 253255,3059,-3490
168288.00 253491,4707,-4049
168288.00 253491,4707,-4049
176055.00 236544,-14592,-5794
175819.00 238427,-14828,-5794
178408.00 237250,-14122,-12356
201239.00 241958,-24713,-7888
201239.00 241958,-24713,-2652
199121.00 243135,-25655,-2652
199121.00 243135,-25655,-7330
208300.00 223128,3530,-69
211360.00 225482,5648,-1326
211360.00 225482,5648,-1326
238663.00 205005,6825,-7190
237486.00 202887,6825,-7190
237486.00 202887,6825,-6283
235838.00 203828,7296,-8517
229248.00 199592,-3530,-7679
229248.00 199592,-3530,-7679
231837.00 198415,-235,-4468
245253.00 182645,10120,-4468
245253.00 182645,10120,-14311
244312.00 181704,8237,-3420
244312.00 181704,8237,-3420
245253.00 183351,-5413,-10192
245253.00 185234,-3765,-6841
245253.00 185234,-3765,-4398
267613.00 179585,28244,-7819
272320.00 179585,27773,-7819
272320.00 179585,27773,-9285
276086.00 186411,15534,-15707
277969.00 188765,14122,-15498
277969.00 188765,14122,-15498
276792.00 187117,12003,-16545
269261.00 187588,12003,-19408
269261.00 187588,12003,-18640
271379.00 184293,15063,-17802
275615.00 169700,10591,-21781
275615.00 169700,10591,-21781
276557.00 167817,10120,-20455
279146.00 159344,15063,-23666
279146.00 159344,15063,-19687
275615.00 158873,16240,-19687
275380.00 160520,14357,-24225
297269.00 142397,19535,-25481
301741.00 138161,20477,-24574
301741.00 138161,20477,-24574
323866.00 130629,9885,-23806
320806.00 132747,25184,-21572
330221.00 120979,12003,-24434
325749.00 130158,15298,-10541
322924.00 126157,14357,-11658
322924.00 126157,14357,-11658
300800.00 130864,-8473,6562
296328.00 132041,-1176,9983
296328.00 132041,-1176,9773
293033.00 134159,-470,9773
305743.00 101914,41189,15638
305743.00 101914,41189,20176
302683.00 98854,41189,10053
306449.00 93676,40954,9215
306449.00 93676,40954,9215
308802.00 93441,40483,0
308802.00 93441,40483,7330
301741.00 110387,26831,-5724
300329.00 111564,28244,-5724
300329.00 111564,28244,-10053
290444.00 115330,9414,-12775
288796.00 116271,8943,-10890
288796.00 116271,8943,-10890
288325.00 116271,8708,-11309
299858.00 111093,3530,-6073
299858.00 111093,3530,-5794
297740.00 109681,2589,-5794
302918.00 93441,12709,1047
302918.00 93441,12709,5515
304330.00 90852,18594,6562
304330.00 90852,18594,6562
307626.00 52016,48485,8447
306919.00 52016,46838,4817
306919.00 52016,46838,9634
305272.00 55076,47308,9634
293503.00 46132,35305,5724
293739.00 45426,37423,698
293739.00 45426,37423,698
301271.00 51074,35305,-1326
303624.00 52957,36482,-2932
303624.00 52957,36482,-2443
304566.00 53428,39306,-2443
291385.00 65903,31068,-9634
292562.00 69433,30597,-9634
292562.00 69433,30597,-5794
284559.00 84497,22124,-6143
284324.00 87321,21889,-6911
284324.00 87321,21889,-6911
282206.00 86380,20477,-6422
298917.00 84497,19300,-5585
298917.00 84497,19300,-2932
300800.00 83320,21889,-2932
335399.00 87556,4707,-3211
335399.00 87556,4707,-3211
337753.00 88027,8473,-2862
337753.00 88027,8473,-2862
378236.00 74376,74376,-1884
380354.00 71316,75317,-1884
380354.00 71316,75317,-7051
378707.00 41189,38364,-7190
376118.00 40247,37894,-7958
376118.00 40247,37894,-7958
376118.00 42130,37658,-6702
354699.00 42366,33186,-1396
354699.00 42366,33186,-7609
353522.00 40718,31774,-5026
333281.00 43778,41660,-1535
333281.00 43778,41660,-1535
332339.00 41189,41895,-9564
332339.00 41189,41895,-2443
317040.00 39777,38600,-7470
317982.00 37188,40012,-7470
317982.00 37188,40012,-7470
296328.00 29185,27067,-4886
293503.00 30833,26831,-7679
293503.00 30833,26831,-4328
289738.00 30597,23772,-4328
267142.00 32716,15298,-3909
267142.00 32716,15298,-1884
269025.00 33892,13180,-139
269025.00 33892,13180,-139
265495.00 26361,20947,-209
267848.00 27302,20006,-3001
267848.00 27302,20006,1466
286678.00 27538,17887,-2234
290208.00 26596,20241,-2234
290208.00 26596,20241,-1117
328809.00 27302,30833,-3979
329279.00 26831,34128,1047
329279.00 26831,34128,1047
331633.00 25184,33422,-3001
361054.00 16711,41424,-4537
361054.00 16711,41424,-767
360348.00 16475,39306,-767
351639.00 4236,52251,-2652
351639.00 4236,52251,-1186
351875.00 1647,52016,-2234
351875.00 1647,52016,-2234
341048.00 2353,55782,-418
337753.00 1176,57665,-418
337753.00 1176,57665,-837
336576.00 -1647,59077,-2932
314216.00 6825,52722,-4049
314216.00 6825,52722,-4049
312804.00 7061,51780,-1884
313980.00 6354,52016,-1815
301271.00 14592,46602,-2303
301741.00 14592,46132,-2303
301741.00 14592,46132,-4817
297034.00 11768,46602,-977
297269.00 10356,47544,488
297269.00 10356,47544,488
297505.00 10356,48485,-4049
297269.00 6119,50604,-418
297269.00 6119,50604,4886
299152.00 4942,48250,0
299152.00 4942,48250,0
314451.00 1176,46367,3490
316334.00 2589,48015,2862
316334.00 2589,48015,2862
316334.00 0,48485,5794
333281.00 1412,59548,1745
333281.00 1412,59548,-558
333281.00 941,60018,-558
332810.00 470,66138,-1535
332810.00 470,66138,-6073
334457.00 941,70375,-1047
334457.00 941,70375,-1047
344578.00 -706,64961,-5026
342695.00 706,68256,-4398
342695.00 706,68256,-4817
343166.00 -706,65667,-5585
337517.00 3059,70139,-8796
337517.00 3059,70139,-5096
338929.00 1176,71551,-7539
318923.00 4942,68962,-6562
318923.00 4942,68962,-8307
316099.00 6119,67785,-8307
316099.00 6119,67785,-9704
303860.00 6590,68962,-5585
302683.00 5178,67315,-6562
302683.00 5178,67315,-6562
303389.00 6119,65903,-5096
300094.00 6590,57900,-6003
300094.00 6590,57900,-2583
298917.00 10120,57665,-2583
296563.00 10120,53899,-9285
296563.00 10120,53899,-2234
297505.00 8708,54370,-5166
297505.00 8708,54370,-5166
300094.00 6590,54840,-3141
300329.00 4001,54134,-3141
300329.00 4001,54134,-5096
302447.00 5648,52722,-5096
308332.00 -706,60489,-4118
308332.00 -706,60489,-4118
308096.00 -470,58135,-5864
316569.00 5413,63549,-6632
316569.00 5413,63549,-6911
317276.00 6590,65432,-6911
317276.00 6590,65432,-8028
323395.00 8708,63078,-9285
323395.00 11297,62607,-3351
323395.00 11297,62607,-3351
325043.00 9650,62372,-7958
329279.00 17652,68256,-3839
326455.00 15298,70610,-3769
326455.00 15298,70610,-2932
323395.00 11768,67550,-558
321748.00 12474,69433,-558
321748.00 12474,69433,209
324572.00 11297,68021,-3909
311627.00 7767,71787,3211
311627.00 7767,71787,-279
312804.00 9650,72493,-279
312804.00 9650,72493,1326
314451.00 4707,79083,4328
315628.00 3295,79789,2443
315628.00 3295,79789,2443
325278.00 -235,82378,2094
325749.00 -1176,84261,2373
325749.00 -1176,84261,3351
322689.00 -706,84732,3071
317040.00 470,78612,1047
317040.00 470,78612,1047
319394.00 235,78612,2862
319394.00 235,78612,1326
312568.00 5178,71787,1535
313745.00 7296,71787,1535
313745.00 7296,71787,488
313510.00 4942,73905,488
319629.00 7531,70139,-2234
319629.00 7531,70139,-2234
318688.00 4236,68256,2722
318688.00 4236,68256,349
321983.00 6354,75317,-837
321748.00 6590,76023,-837
321748.00 6590,76023,488
324101.00 5178,73905,-279
316569.00 8237,78612,-698
316569.00 8237,78612,-698
317040.00 4942,77671,209
317040.00 4942,77671,-2583
315393.00 4001,80025,-1047
313980.00 1882,80025,-1047
313980.00 1882,80025,-3420
316334.00 2353,80495,-698
303860.00 6825,82614,-1605
303860.00 6825,82614,-1605
304095.00 7531,81672,-3211
304095.00 7531,81672,-628
302918.00 1176,73670,209
306213.00 706,73434,209
306213.00 706,73434,-279
303624.00 1882,72022,-767
312097.00 3295,72964,2862
312097.00 3295,72964,2862
310685.00 4471,73670,-628
310685.00 4471,73670,209
320571.00 7061,73905,3560
320571.00 8237,73670,-279
320571.00 8237,73670,-279
320335.00 4707,76965,279
321041.00 3530,76729,3700
321041.00 3530,76729,-1117
322689.00 4471,77906,-1117
320806.00 1882,77671,2024
323160.00 2118,77436,-3211
323160.00 2118,77436,4677
321983.00 2824,80025,4677
325278.00 -235,90381,-418
325278.00 -235,90381,-418
323631.00 -1412,91322,-2094
323631.00 -1412,91322,-3281
320100.00 -2353,87556,-5375
320335.00 -235,88027,-2164
319865.00 235,86380,-2722
313510.00 4471,80966,-3001
313510.00 4471,80966,-3001
311862.00 4942,76965,-6422
311862.00 4942,76965,-7120
301271.00 9650,90145,-8796
303154.00 11297,85438,-8587
303154.00 11297,85438,-8587
303860.00 11533,84967,-10053
315393.00 9414,76965,-11100
315393.00 9414,76965,-14521
318217.00 8237,76023,-14521
330927.00 11297,95088,-12636
330927.00 11297,95088,-12636
334457.00 11297,98148,-11449
334222.00 12003,96500,-12915
328103.00 10356,85203,-11379
328103.00 10356,85203,-11379
325513.00 12474,84497,-12705
322924.00 14357,77906,-12007
322924.00 14357,77906,-16126
321277.00 16475,78612,-13892
321277.00 16475,78612,-13892
322689.00 18594,75082,-17174
321512.00 18829,75553,-16964
321512.00 18829,75553,-16336
317746.00 16005,82378,-19617
316805.00 16475,82378,-19617
316805.00 16475,82378,-19198
309038.00 235,97206,-22270
308096.00 1882,100031,-21362
308096.00 1882,100031,-19058
309273.00 3530,99560,-19058
308802.00 -6825,82378,-25900
308332.00 -4707,81908,-24574
308332.00 -4707,81908,-24155
276322.00 7296,124509,-27296
275145.00 8237,122862,-27855
275145.00 8237,122862,-27855
277734.00 13180,117919,-27925
297269.00 12003,76494,-27576
297269.00 12003,76494,-24155
297740.00 11062,78848,-28274
312804.00 9414,86850,-26738
312804.00 9414,86850,-25761
312333.00 8237,89204,-25761
309038.00 10120,90381,-24574
309038.00 10120,90381,-23596
309038.00 6590,92499,-24015
305743.00 9179,93205,-24015
314687.00 6119,92264,-17732
314687.00 6119,92264,-17732
317511.00 4471,96030,-25132
324337.00 -4471,114388,-18011
324337.00 -4471,114388,-18570
324807.00 -4236,112505,-15917
319865.00 -6825,130629,-16755
319865.00 -6825,130629,-16755
321512.00 -7061,134159,-13823
320100.00 -7767,132276,-17872
326455.00 -5178,147575,-19058
326455.00 -5178,147575,-17453
322924.00 -3530,147811,-17523
317040.00 26125,104268,-18151
317040.00 26125,104268,-18151
319159.00 27302,102149,-16755
322689.00 51074,91087,-17523
322689.00 51074,91087,-18081
324337.00 53899,88263,-20943
316334.00 39306,111093,-17243
316334.00 39306,111093,-17243
314216.00 35775,120508,-17523
305036.00 19300,112741,-32114
305036.00 19300,112741,-38467
304095.00 21653,118390,-31206
303154.00 20477,120979,-31206
301977.00 28008,126392,-45937
300329.00 25184,123568,-49078
301035.00 24949,124274,-48520
321748.00 18358,109681,-41887
321748.00 18358,109681,-41887
323866.00 19300,113447,-42167
329985.00 18829,133453,-30927
329985.00 18829,133453,-29740
330456.00 20477,135807,-29740
323395.00 16946,167111,-23317
323395.00 16946,167111,-23317
324337.00 16240,165463,-25970
322218.00 28714,139337,-28204
322218.00 28714,139337,-23876
319159.00 32010,142633,-23876
298682.00 53663,149929,-29949
298682.00 53663,149929,-29949
299388.00 52251,153459,-30229
299388.00 52251,153459,-30927
297975.00 64961,171112,-37559
296799.00 65903,171583,-37559
296799.00 65903,171583,-38187
287148.00 68256,193472,-40491
287148.00 68492,196296,-44401
287148.00 68492,196296,-44401
279617.00 68492,192531,-46565
276086.00 69668,190883,-46565
276086.00 69668,190883,-42097
257963.00 72964,156048,-35814
256786.00 73434,148517,-40282
256786.00 75553,136278,-40282
227130.00 71316,142633,-30368
228542.00 70610,149694,-29181
226424.00 67785,150870,-29391
232543.00 42601,158638,-26110
233485.00 40483,152753,-23876
235368.00 43778,155578,-23876
235368.00 43778,155578,-22828
243841.00 41895,168288,-22200
246665.00 43307,169935,-21362
246665.00 43307,169935,-21362
236309.00 57665,178644,-20525
234897.00 57665,175349,-20525
234897.00 57665,175349,-22060
221481.00 73199,183822,-19338
221481.00 73199,180056,-15219
221481.00 73199,180056,-15219
198650.00 84261,190177,-11239
195120.00 86144,190412,-12007
195120.00 86144,190412,-17104
177467.00 94382,195355,-16685
178173.00 95794,196767,-16685
178173.00 95794,196767,-8726
178879.00 95324,197473,-13334
173936.00 96971,206653,-20943
173936.00 96971,206653,-14940
170171.00 94617,208536,-14940
158638.00 92499,229483,-21502
158638.00 92499,229483,-25202
159108.00 88263,228777,-26947
168523.00 82143,233485,-33091
168523.00 82143,233485,-33300
166405.00 84497,229954,-33300
154401.00 92735,222422,-35953
154401.00 92735,222422,-34836
155107.00 92735,224541,-35744
163345.00 103326,235603,-33300
166405.00 101443,233720,-34208
166405.00 101443,233720,-34208
197473.00 89910,254668,-32393
200062.00 90381,251608,-33161
200062.00 90381,251608,-32044
204299.00 87556,250196,-32044
214420.00 57429,256315,-31276
214420.00 57429,256315,-29949
213243.00 54840,258904,-33580
184763.00 47779,267613,-35604
184763.00 47779,267613,-33859
182880.00 49191,268084,-33859
161227.00 53663,262906,-42236
161227.00 53663,262906,-41538
160520.00 53428,265024,-41957
155813.00 69904,291150,-45588
155813.00 69904,291150,-45588
155107.00 71081,293503,-47612
152283.00 78377,272320,-39514
152283.00 78377,272320,-40142
149458.00 78848,273026,-43144
123332.00 86615,286207,-25761
123332.00 86615,286207,-25761
121214.00 88027,287619,-35953
121214.00 88027,287619,-25411
110387.00 89439,301741,-26808
109916.00 86615,302683,-28902
109916.00 86615,302683,-28902
87321.00 87321,304330,-30089
86615.00 87321,305743,-30508
86615.00 87321,305743,-33161
86850.00 82849,301977,-33161
88969.00 80025,302918,-34697
87086.00 78612,304095,-34697
93676.00 49662,330221,-29042
97677.00 46602,330456,-32951
95324.00 45426,330221,-30159
95324.00 45426,330221,-30159
87086.00 46367,312568,-25551
88027.00 46602,314922,-25551
88027.00 46602,314922,-25830
84497.00 50133,333987,-25691
86144.00 52251,332810,-29461
86144.00 52251,332810,-29461
96500.00 54840,338929,-27995
95794.00 55311,337517,-27995
95794.00 55311,337517,-28623
98148.00 58842,337753,-30438
95794.00 56488,334457,-33580
96736.00 56959,332575,-33580
96736.00 56959,332575,-32114
99325.00 60724,301506,-34766
97442.00 60960,302212,-37419
97442.00 60960,302212,-31764
77671.00 33892,300564,-33021
73905.00 32010,301977,-35674
73905.00 32010,301977,-35674
71551.00 13886,315157,-36582
70375.00 12003,315157,-30927
70375.00 12003,315157,-35534
68727.00 13651,318217,-35255
53193.00 17887,313510,-38676
53193.00 17887,313510,-38676
54134.00 16240,314687,-41678
41895.00 16711,328809,-45099
40483.00 16005,327632,-45727
40483.00 16005,327632,-45727
40954.00 16240,325984,-44610
19300.00 26125,335634,-52290
19300.00 26125,335634,-50335
13886.00 32716,333987,-50335
3765.00 34599,354699,-58503
3765.00 34599,354699,-58503
6590.00 29891,358700,-52569
10591.00 42836,366938,-59969
10591.00 42836,366938,-59131
11533.00 41660,366232,-59131
11533.00 41660,366232,-62971
15298.00 65903,347638,-46146
16240.00 67550,337753,-42725
16240.00 67550,337753,-44959
-706.00 119331,328809,-24364
941.00 117448,325513,-24364
4707.00 114153,325513,-21083
4707.00 114153,325513,-20874
20241.00 66138,326926,-2722
20241.00 59783,323395,-279
20241.00 59783,323395,-279
13180.00 28008,310921,4398
11768.00 23772,312568,4398
11768.00 23772,312568,10332
9885.00 470,315863,6073
8473.00 2353,317040,5515
8473.00 2353,317040,5515
9650.00 1176,314451,7888
8943.00 -9179,305272,-488
8943.00 -9179,305272,2583
9885.00 -6590,306213,2024
9885.00 -6590,306213,2024
-1176.00 4236,302212,-488
-4001.00 3059,302447,-1535
-3059.00 2353,305507,1047
-3295.00 470,317746,2164
-3295.00 470,317746,-1675
-1882.00 235,315628,-1675
-1882.00 235,315628,279
-15534.00 13180,310450,3001
-15298.00 13180,310215,-1605
-15298.00 13180,310215,2303
-14122.00 13886,311862,2303
-21183.00 18358,317982,-2792
-21183.00 18358,317982,1675
-23772.00 17417,317982,-139
-20712.00 16240,321983,-698
-22124.00 16240,323395,418
-22124.00 16240,323395,418
-24242.00 15534,324337,-2652
-26831.00 21889,331162,-3281
-26831.00 21889,331162,1117
-27302.00 22595,331162,1117
-30362.00 24007,324101,-1605
-30362.00 24007,324101,-1605
-32951.00 24242,323395,2583
-32951.00 24242,323395,2024
-32010.00 18358,321983,4049
-32010.00 18358,321983,-1815
-31303.00 18594,319865,-1815
-24949.00 5178,322454,3001
-24949.00 5178,322454,-2932
-26125.00 2824,322924,2862
-26125.00 2824,322924,488
-28714.00 8002,314922,977
-27302.00 10120,318923,977
-27302.00 10120,318923,-2932
-26596.00 8473,315393,-1815
-26596.00 10120,314922,-2932
-26596.00 10120,314922,-2164
-28008.00 11768,317276,-2164
-29656.00 10356,315628,-558
-36246.00 14828,321277,-2652
-36246.00 14828,321277,209
-36482.00 16005,321983,-209
-45426.00 14828,332575,767
-45426.00 14828,332575,767
-45190.00 14122,331868,-1186
-45190.00 14122,331868,209
-43072.00 15063,330692,-3211
-43778.00 15534,331398,-1326
-43778.00 15534,331398,-1326
-42130.00 14828,329515,349
-43072.00 16475,323866,-1117
-41424.00 16711,324807,139
-41424.00 16711,324807,-2513
-36246.00 14357,321983,-209
-36717.00 12474,324807,-209
-36717.00 12474,324807,-837
-37188.00 13415,323631,-279
-27538.00 11533,328103,-1326
-27538.00 11533,328103,-1326
-28244.00 11297,325984,1745
-28244.00 11297,325984,-1117
-25890.00 12709,319159,1047
-27067.00 11297,322689,209
-27067.00 11297,322689,209
-27773.00 12709,315157,279
-29421.00 14592,318923,279
-27067.00 12945,320806,-209
-27067.00 12945,320806,209
-31068.00 9179,317511,349
-28244.00 8473,321277,349
-28244.00 8473,321277,209
-28244.00 8708,317511,3420
-36952.00 15534,326690,1256
-36952.00 15534,326690,907
-33657.00 14122,329515,907
-33657.00 14122,329515,279
-38129.00 12239,333987,-1605
-39541.00 16005,332104,-1954
-38600.00 15063,330927,1047
-47544.00 23772,333281,2373
-47779.00 23536,334928,2373
-48485.00 25419,333987,-628
-48485.00 25419,333987,4956
-46838.00 19535,336576,3909
-48015.00 21183,339165,3909
-48015.00 21183,339165,6352
-47779.00 18358,337517,2862
-47779.00 15298,333987,4817
-47779.00 15298,333987,2862
-45426.00 13886,331162,2862
-45661.00 11297,331868,3839
-45661.00 11297,331868,4188
-47779.00 9179,331868,3211
-47779.00 9179,331868,4468
-56723.00 17181,326690,6911
-55546.00 15298,328338,6911
-54134.00 15769,327632,1675
-64255.00 15534,347167,3351
-64255.00 15534,347167,3211
-63313.00 14592,346226,5375
-63313.00 14592,346226,5375
-62843.00 18123,342460,4328
-66138.00 20712,344578,6422
-66138.00 20712,344578,2862
-72728.00 24007,346226,6702
-74376.00 27302,345520,4747
-74376.00 27302,345520,4747
-70610.00 23536,348109,9285
-72022.00 21889,349756,6352
-72022.00 21889,349756,12147
-71081.00 20477,349992,8936
-71551.00 13886,352816,10751
-74847.00 11533,352110,10751
-74847.00 11533,352110,12845
-85673.00 16711,350227,12007
-84967.00 16946,350698,9704
-84967.00 16946,350698,13124
-98854.00 27302,345990,10890
-99560.00 30127,343166,10890
-99560.00 30127,343166,7749
-100972.00 29891,343872,11868
-114153.00 40954,334693,10192
-114153.00 40954,334693,10541
-115801.00 44013,332339,10541
-127804.00 53428,346697,12287
-127804.00 53428,346697,10890
-128981.00 54605,349756,13334
-131099.00 54370,350462,14590
-131099.00 54370,350462,12007
-129452.00 53899,353052,12007
-119096.00 28008,358465,12356
-119096.00 27067,359406,17174
-119096.00 27067,359406,17523
-123097.00 22124,332810,23247
-123097.00 22830,334457,23247
-123097.00 22830,334457,20734
-136984.00 29656,317982,27995
-136984.00 28008,320335,29880
-136984.00 28008,320335,27855
-141926.00 25184,326455,35185
-145457.00 23772,325278,35185
-145457.00 23772,325278,33370
-125921.00 -6590,327867,41329
-126627.00 -3765,328573,35185
-126627.00 -3765,328573,39304
-127334.00 -5413,328338,39304
-131806.00 4707,302683,38955
-132041.00 8708,301506,38955
-132041.00 8708,301506,36302
-158873.00 24478,269496,37210
-158167.00 24713,268790,39165
-158167.00 24713,268790,39165
-176996.00 38600,259846,37280
-176526.00 38835,261729,33580
-176526.00 38835,261729,41399
-181939.00 33657,259610,34697
-180762.00 33422,254197,37419
-180762.00 33422,254197,37419
-184528.00 14357,259610,36512
-184528.00 13415,262199,38048
-184528.00 13415,262199,32532
-184057.00 3530,252314,33859
-184763.00 706,250196,37140
-184763.00 706,250196,37140
-197709.00 3530,226894,33300
-199592.00 3295,224541,31206
-199592.00 3295,224541,31346
-197473.00 5648,224541,31346
-224305.00 11062,209242,30438
-224305.00 11062,209242,30438
-223599.00 10120,205711,29181
-227130.00 5884,203122,29600
-228071.00 8237,205476,27366
-228071.00 8237,205476,27366
-232778.00 11062,200768,26808
-233014.00 11062,202181,29391
-233014.00 11062,202181,23596
-232543.00 5648,199356,24574
-230896.00 4471,200768,25062
-230896.00 4471,200768,25062
-227600.00 3295,178408,19338
-230660.00 2118,175349,20734
-230660.00 2118,175349,20176
-237015.00 13651,160050,17243
-237486.00 12709,156755,17243
-237486.00 12709,156755,12077
-249254.00 15063,152753,11728
-247371.00 16946,152047,13613
-247371.00 16946,152047,11658
-258669.00 26596,133453,9494
-258904.00 26596,131806,9494
-258904.00 26596,131806,9005
-259375.00 23066,124980,10122
-257492.00 31068,113682,10541
-261258.00 28950,112505,12566
-261258.00 28950,112505,12566
-280087.00 23066,92735,15847
-282206.00 20712,92028,19198
-282206.00 20712,92028,14172
-288561.00 15534,87086,22759
-285501.00 15534,87321,28064
-285501.00 15534,87321,28064
-287148.00 13886,76965,32463
-286913.00 13651,75082,32323
-286913.00 13651,75082,32044
-286913.00 18123,63549,39235
-289031.00 21418,67550,38117
-289031.00 21418,67550,38117
-287855.00 20006,69904,38816
-277028.00 17181,80025,38955
-277028.00 17181,80025,38676
-278205.00 18594,81201,41608
-294445.00 12239,51545,42306
-294680.00 12945,49898,42306
-294680.00 12945,49898,39793
-288796.00 8943,28008,49637
-287148.00 6354,25655,50614
-287148.00 6354,25655,49008
-283618.00 4001,26596,49008
-288561.00 -3295,13886,51661
-288561.00 -3295,13886,52010
-289031.00 -4236,10591,53127
-310921.00 -11062,-6590,58363
-313039.00 -12709,-3530,56827
-313039.00 -12709,-3530,58922
-327161.00 -10356,9179,61714
-327632.00 -9179,8943,61714
-327632.00 -9179,8943,59969
-328338.00 -6590,14828,63041
-318923.00 -3530,22124,59341
-319159.00 -5648,23066,52708
-319159.00 -5648,23066,54035
-333281.00 -4942,31774,46076
-333751.00 -7061,34363,46076
-333751.00 -7061,34363,48450
-335164.00 -5178,33186,43074
-343401.00 1882,30597,33859
-343401.00 1882,30597,35674
-342931.00 3530,28008,35674
-342931.00 5178,4001,27157
-341989.00 5178,4471,27157
-341989.00 5178,4471,27785
-339871.00 941,5413,21153
-339871.00 0,2589,19547
-339871.00 0,2589,19547
-340812.00 470,1412,20176
-330221.00 -1647,-11062,15358
-330221.00 -1647,-11062,15289
-329985.00 -4236,-10591,13823
-311627.00 -10591,-13651,9285
-311627.00 -10591,-13651,11868
-309979.00 -11297,-10120,11868
-296799.00 -2353,-28244,7470
-297034.00 -2824,-28950,7470
-297034.00 -2824,-28950,6562
-297740.00 -2589,-29656,11728
-300329.00 -4707,-43307,9773
-300329.00 -4707,-43307,7888
-298917.00 -8473,-44013,7888
-299388.00 -8237,-52722,11658
-298446.00 -11768,-57429,11658
-298446.00 -11768,-57429,10541
-299858.00 -13651,-63078,12147
-299152.00 -14122,-62843,10751
-301977.00 -16475,-65432,9634
-303389.00 -18123,-65667,13543
-303389.00 -18123,-65667,10332
-302447.00 -17417,-66373,11938
-302447.00 -17417,-66373,11938
-324337.00 -17652,-78848,16406
-327632.00 -17887,-77671,16406
-328573.00 -17181,-81437,12356
-353758.00 -23066,-82614,14102
-353758.00 -23066,-82614,15079
-356347.00 -21889,-83555,14660
-364585.00 -29891,-71081,16406
-364585.00 -27302,-71316,15568
-364585.00 -27302,-71316,14521
-345284.00 -36952,-55546,11100
-345284.00 -39306,-53428,10122
-342460.00 -36952,-49898,10122
-342460.00 -36952,-49898,12147
-321512.00 -36011,-58135,0
-321041.00 -36717,-60489,5166
-321041.00 -36717,-60489,1466
-309744.00 -26596,-59548,-5096
-310921.00 -28479,-55782,-558
-310215.00 -29891,-57900,-3141
-301741.00 -25419,-63313,-3281
-301741.00 -25419,-63313,-4747
-303624.00 -27067,-64255,-4747
-301035.00 -28008,-62607,628
-307626.00 -25419,-66609,-558
-307626.00 -25419,-66609,-2443
-306213.00 -21653,-66373,-628
-318452.00 -16240,-59548,-418
-317511.00 -19770,-61666,-1605
-317511.00 -19770,-61666,-209
-317746.00 -17887,-60724,3281
-316334.00 -23066,-54370,-279
-318217.00 -24007,-52487,-3490
-318217.00 -24007,-52487,-3490
-316099.00 -21183,-53193,-2443
-317746.00 -21889,-52016,-3769
-316569.00 -19770,-52722,-3769
-322454.00 -20947,-48485,-4607
-318923.00 -19770,-45896,-7958
-318923.00 -19770,-45896,1186
-319629.00 -18358,-47308,-6143
-319394.00 -15534,-48015,-6283
-319629.00 -15298,-46132,-2234
-319629.00 -15298,-46132,-698
-317040.00 -21418,-44013,-2234
-319159.00 -19064,-43072,-2792
-318923.00 -20241,-41424,-2164
-321041.00 -22124,-39777,-1884
-321041.00 -22124,-39777,698
-323395.00 -23536,-41660,-2094
-323160.00 -20477,-40247,-2094
-318923.00 -23772,-41895,-3141
-318923.00 -23772,-41895,-3141
-319629.00 -21418,-41660,2094
-314922.00 -19300,-43307,4886
-315863.00 -17417,-42601,1815
-315863.00 -17417,-42601,6283
-323631.00 -10356,-42601,3769
-325278.00 -10591,-44484,5515
-325278.00 -10591,-44484,5515
-329985.00 -9885,-44719,-628
-333281.00 -16240,-33892,2513
-335399.00 -16005,-34363,-558
-335399.00 -16005,-34363,69
-325278.00 -18358,-30833,-2094
-325278.00 -19535,-29891,-1605
-325278.00 -19535,-29891,-69
-323395.00 -19770,-32245,-1884
-323395.00 -14592,-41895,2024
-321512.00 -14828,-40954,2024
-321512.00 -14828,-40954,349
-323631.00 -11297,-40247,4468
-321512.00 -10591,-40954,7400
-321512.00 -10591,-40954,5235
-321041.00 -11297,-44013,8237
-318452.00 -16240,-44719,6841
-317276.00 -16475,-44955,6841
-317276.00 -16475,-44955,11379
-322218.00 -16711,-52722,15847
-321512.00 -17887,-52251,10681
-321512.00 -17887,-52251,16196
-323866.00 -16946,-51074,13334
-319865.00 -24242,-46132,19617
-320100.00 -24007,-46602,19617
-320100.00 -24007,-46602,17034
-314687.00 -29185,-47073,22270
-315628.00 -28244,-45896,23527
-315628.00 -28244,-45896,22410
-313274.00 -25890,-46367,22410
-326455.00 -16005,-53899,28832
-326220.00 -14357,-56723,28832
-326220.00 -14357,-56723,28344
-336811.00 -11768,-52251,32532
-335870.00 -12474,-52016,31974
-335870.00 -12474,-52016,32183
-334457.00 -34363,-35305,34348
-336105.00 -33892,-32716,31276
-332104.00 -34599,-33892,31834
-332104.00 -34599,-33892,31834
-335634.00 -29656,-38835,28832
-334457.00 -32951,-41895,32532
-334457.00 -32951,-41895,25761
-338694.00 -18829,-60724,28972
-335634.00 -18358,-60489,34906
-335634.00 -18358,-60489,34906
-337282.00 -19300,-60018,35604
-321041.00 -26596,-52722,36721
-321277.00 -28008,-51780,35744
-321277.00 -28008,-51780,35814
-320571.00 -21183,-60724,39444
-318923.00 -20712,-59077,39444
-318923.00 -20712,-59077,40352
-319865.00 -4236,-75082,44470
-320100.00 -5178,-75788,40701
-320100.00 -5178,-75788,41050
-304566.00 -13886,-67550,45308
-302447.00 -14122,-67785,45797
-305036.00 -16005,-67550,45797
-305036.00 -16005,-67550,41748
-306449.00 -24007,-73434,46006
-305978.00 -25890,-76494,42167
-305978.00 -25890,-76494,41538
-305978.00 -19535,-94853,42655
-306919.00 -17887,-96500,42655
-306684.00 -20241,-98383,40631
-317746.00 -10356,-102855,41957
-315157.00 -11297,-101914,42865
-315393.00 -9650,-105444,42306
-315393.00 -9650,-105444,43004
-334928.00 -8943,-101443,49288
-336340.00 -9885,-98854,49288
-336340.00 -9885,-98854,44959
-338929.00 -17887,-98383,53616
-341048.00 -17417,-99560,54035
-341519.00 -15769,-97677,54524
-358936.00 235,-98619,66113
-358936.00 235,-98619,66671
-359642.00 -235,-97206,66671
-359642.00 -235,-97206,68207
-360348.00 -13651,-68256,78679
-358936.00 -13886,-68256,76585
-357288.00 -15298,-68256,78260
-358230.00 -12003,-67079,82379
-358230.00 -12003,-67079,80354
-358700.00 -10120,-69668,80215
-364349.00 -10591,-76729,84753
-364349.00 -10591,-76729,84753
-364114.00 -11533,-77200,83636
-368586.00 -13886,-77671,80983
-367174.00 -15063,-81672,84823
-367174.00 -15063,-81672,85870
-345990.00 -35305,-77436,76235
-344108.00 -37423,-74376,73862
-344108.00 -37423,-74376,73862
-328809.00 -53899,-89675,66182
-327396.00 -59783,-86380,66182
-326926.00 -59312,-88969,73234
-326926.00 -59312,-88969,65833
-317511.00 -68256,-114624,64996
-313274.00 -62843,-116507,66252
-317276.00 -59077,-120508,65554
-311391.00 -90145,-148752,61365
-309273.00 -91087,-147575,60946
-308567.00 -91322,-149223,60946
-316099.00 -64961,-173936,64367
-316099.00 -64961,-173936,64367
-319394.00 -62137,-172524,65414
-328338.00 -52487,-171583,70301
-326926.00 -56017,-169464,73303
-326926.00 -56017,-169464,72326
-332104.00 -33186,-158402,81053
-329515.00 -33422,-157225,73722
-329515.00 -33422,-157225,73722
-315393.00 -26831,-153930,79307
-314922.00 -28008,-153224,81332
-311627.00 -29185,-155107,80145
-291150.00 -27538,-153459,78120
-291150.00 -27538,-153459,76794
-294445.00 -27773,-152989,77911
-283853.00 -31774,-152518,75118
-283853.00 -31774,-152518,75118
-281735.00 -30597,-149929,70720
-274439.00 -22124,-144751,74630
-276557.00 -24242,-147811,74630
-276557.00 -24242,-147811,73373
-268790.00 -25184,-144515,78120
-268319.00 -23772,-142633,78958
-269731.00 -24242,-144280,80075
-253962.00 -49662,-143574,82728
-252785.00 -49898,-144515,86009
-251608.00 -49898,-144280,86009
-235368.00 -71316,-132512,92572
-235368.00 -71316,-132512,92572
-233955.00 -73199,-131099,94038
-217715.00 -93911,-136042,95155
-215126.00 -98619,-137925,92991
-215126.00 -98619,-137925,94177
-210183.00 -111093,-135807,97249
